Algorithm: A*
Difficulty: Init12             
Colors: 10
Branches: 14
Time Taken: 0.031412s
States Explored: 55
Max Queue Size: 1463
Solution Steps:
1. (12, 0)
2. (13, 1)
3. (3, 6)
4. (3, 4)
5. (1, 3)
6. (1, 13)
7. (2, 1)
8. (2, 13)
9. (10, 2)
10. (10, 1)
11. (6, 10)
12. (6, 7)
13. (2, 6)
14. (0, 2)
15. (5, 2)
16. (5, 12)
17. (7, 0)
18. (7, 11)
19. (5, 7)
20. (0, 5)
21. (0, 3)
22. (4, 0)
23. (4, 1)
24. (11, 0)
25. (11, 6)
26. (8, 7)
27. (8, 5)
28. (9, 12)
29. (9, 2)
30. (4, 13)
31. (7, 8)
32. (9, 12)
33. (10, 11)
34. None