Algorithm: Greedy
Difficulty: Init10             
Colors: 9
Branches: 12
Time Taken: 0.006695s
States Explored: 30
Avg Branching Factor (~ moves/step)= 15.93
Solution Steps:
1. (3, 5)
2. (4, 6)
3. (5, 4)
4. (5, 2)
5. (10, 5)
6. (2, 10)
7. (2, 8)
8. (7, 11)
9. (9, 0)
10. (9, 10)
11. (4, 10)
12. (4, 9)
13. (3, 4)
14. (11, 3)
15. (11, 4)
16. (6, 2)
17. (6, 4)
18. (2, 6)
19. (7, 2)
20. (8, 2)
21. (8, 3)
22. (2, 8)
23. (4, 7)
24. (5, 11)
25. (1, 9)
26. (1, 2)
27. (0, 2)
28. (0, 10)
29. (0, 2)
30. (1, 9)
31. None