Algorithm: DFS
Difficulty: Init7             
Colors: 7
Branches: 9
Time Taken: 11.893790s
States Explored: 5558
Max Depth: 5557
Solution Steps:
1. (8, 3)
2. (8, 7)
3. (8, 6)
4. (7, 8)
5. (7, 4)
6. (8, 7)
7. (7, 8)
8. (6, 7)
9. (5, 7)
10. (5, 1)
11. (5, 2)
12. (8, 5)
13. (7, 8)
14. (6, 7)
15. (3, 7)
16. (6, 3)
17. (8, 6)
18. (7, 8)
19. (6, 7)
20. (8, 6)
21. (7, 8)
22. (5, 7)
23. (8, 5)
24. (7, 8)
25. (6, 7)
26. (8, 6)
27. (7, 8)
28. (6, 7)
29. (5, 6)
30. (8, 5)
31. (7, 8)
32. (6, 7)
33. (8, 6)
34. (7, 8)
35. (6, 7)
36. (4, 6)
37. (4, 3)
38. (8, 4)
39. (7, 8)
40. (6, 7)
41. (8, 6)
42. (7, 8)
43. (6, 7)
44. (5, 6)
45. (8, 5)
46. (7, 8)
47. (6, 7)
48. (8, 6)
49. (7, 8)
50. (6, 7)
51. (5, 6)
52. (7, 5)
53. (8, 7)
54. (6, 8)
55. (7, 6)
56. (8, 7)
57. (6, 8)
58. (5, 6)
59. (4, 5)
60. (8, 4)
61. (7, 8)
62. (6, 7)
63. (8, 6)
64. (7, 8)
65. (6, 7)
66. (5, 6)
67. (8, 5)
68. (7, 8)
69. (6, 7)
70. (8, 6)
71. (7, 8)
72. (6, 7)
73. (5, 6)
74. (7, 5)
75. (8, 7)
76. (6, 8)
77. (7, 6)
78. (8, 7)
79. (6, 8)
80. (5, 6)
81. (3, 5)
82. (8, 3)
83. (7, 8)
84. (8, 3)
85. (6, 8)
86. (8, 7)
87. (5, 8)
88. (8, 6)
89. (7, 8)
90. (8, 5)
91. (6, 8)
92. (8, 7)
93. (5, 8)
94. (8, 6)
95. (7, 8)
96. (4, 7)
97. (8, 5)
98. (7, 8)
99. (6, 7)
100. (8, 6)
101. (7, 8)
102. (8, 4)
103. (6, 8)
104. (8, 7)
105. (5, 8)
106. (8, 6)
107. (7, 8)
108. (8, 5)
109. (6, 8)
110. (8, 7)
111. (5, 8)
112. (8, 6)
113. (7, 8)
114. (4, 7)
115. (8, 4)
116. (7, 8)
117. (8, 5)
118. (6, 8)
119. (8, 7)
120. (5, 8)
121. (8, 6)
122. (7, 8)
123. (8, 5)
124. (6, 8)
125. (8, 7)
126. (5, 8)
127. (4, 6)
128. (8, 5)
129. (7, 8)
130. (6, 7)
131. (8, 6)
132. (7, 8)
133. (6, 7)
134. (3, 6)
135. (8, 4)
136. (7, 8)
137. (8, 3)
138. (6, 8)
139. (8, 7)
140. (5, 8)
141. (8, 6)
142. (7, 8)
143. (8, 5)
144. (6, 8)
145. (8, 7)
146. (5, 8)
147. (8, 6)
148. (7, 8)
149. (4, 7)
150. (8, 5)
151. (7, 8)
152. (6, 7)
153. (8, 6)
154. (7, 8)
155. (8, 4)
156. (6, 8)
157. (8, 7)
158. (5, 8)
159. (8, 6)
160. (7, 8)
161. (8, 5)
162. (6, 8)
163. (8, 7)
164. (5, 8)
165. (8, 6)
166. (7, 8)
167. (4, 7)
168. (8, 4)
169. (7, 8)
170. (8, 5)
171. (6, 8)
172. (8, 7)
173. (5, 8)
174. (8, 6)
175. (7, 8)
176. (8, 5)
177. (6, 8)
178. (8, 7)
179. (5, 8)
180. (4, 6)
181. (8, 5)
182. (7, 8)
183. (6, 7)
184. (8, 6)
185. (7, 8)
186. (6, 7)
187. (3, 6)
188. (8, 3)
189. (7, 8)
190. (8, 4)
191. (6, 8)
192. (8, 7)
193. (5, 8)
194. (8, 6)
195. (7, 8)
196. (8, 5)
197. (6, 8)
198. (8, 7)
199. (5, 8)
200. (8, 6)
201. (7, 8)
202. (4, 7)
203. (8, 4)
204. (7, 8)
205. (8, 5)
206. (6, 8)
207. (8, 7)
208. (5, 8)
209. (8, 6)
210. (7, 8)
211. (8, 5)
212. (6, 8)
213. (8, 7)
214. (5, 8)
215. (4, 6)
216. (8, 5)
217. (7, 8)
218. (6, 7)
219. (8, 6)
220. (7, 8)
221. (6, 7)
222. (5, 4)
223. (8, 6)
224. (7, 8)
225. (8, 5)
226. (6, 8)
227. (8, 7)
228. (5, 8)
229. (8, 6)
230. (7, 8)
231. (8, 5)
232. (6, 8)
233. (8, 7)
234. (4, 8)
235. (7, 6)
236. (8, 7)
237. (6, 8)
238. (5, 6)
239. (8, 5)
240. (7, 8)
241. (6, 7)
242. (8, 6)
243. (7, 8)
244. (6, 7)
245. (5, 6)
246. (3, 4)
247. (8, 5)
248. (7, 8)
249. (6, 7)
250. (5, 6)
251. (8, 5)
252. (7, 8)
253. (6, 7)
254. (8, 6)
255. (7, 8)
256. (8, 3)
257. (6, 8)
258. (8, 7)
259. (5, 8)
260. (8, 6)
261. (7, 8)
262. (8, 5)
263. (6, 8)
264. (8, 7)
265. (5, 8)
266. (8, 6)
267. (7, 8)
268. (4, 7)
269. (8, 5)
270. (7, 8)
271. (6, 7)
272. (8, 6)
273. (7, 8)
274. (8, 4)
275. (6, 8)
276. (8, 7)
277. (5, 8)
278. (8, 6)
279. (7, 8)
280. (8, 5)
281. (6, 8)
282. (8, 7)
283. (5, 8)
284. (8, 6)
285. (7, 8)
286. (4, 7)
287. (8, 4)
288. (7, 8)
289. (8, 5)
290. (6, 8)
291. (8, 7)
292. (5, 8)
293. (8, 6)
294. (7, 8)
295. (8, 5)
296. (6, 8)
297. (8, 7)
298. (5, 8)
299. (4, 6)
300. (8, 5)
301. (7, 8)
302. (6, 7)
303. (8, 6)
304. (7, 8)
305. (6, 7)
306. (3, 6)
307. (8, 4)
308. (7, 8)
309. (6, 7)
310. (8, 6)
311. (7, 8)
312. (6, 7)
313. (5, 6)
314. (8, 5)
315. (7, 8)
316. (6, 7)
317. (8, 6)
318. (7, 8)
319. (6, 7)
320. (5, 6)
321. (7, 5)
322. (8, 7)
323. (6, 8)
324. (7, 6)
325. (8, 7)
326. (6, 8)
327. (5, 6)
328. (4, 5)
329. (7, 4)
330. (8, 7)
331. (6, 8)
332. (7, 6)
333. (8, 7)
334. (6, 8)
335. (5, 6)
336. (8, 5)
337. (7, 8)
338. (6, 7)
339. (5, 6)
340. (8, 5)
341. (7, 8)
342. (6, 7)
343. (8, 6)
344. (7, 8)
345. (6, 7)
346. (5, 6)
347. (4, 5)
348. (6, 4)
349. (8, 6)
350. (7, 8)
351. (6, 7)
352. (8, 6)
353. (7, 8)
354. (5, 7)
355. (8, 5)
356. (7, 8)
357. (6, 7)
358. (8, 6)
359. (7, 8)
360. (6, 7)
361. (5, 6)
362. (8, 5)
363. (7, 8)
364. (6, 7)
365. (8, 6)
366. (7, 8)
367. (6, 7)
368. (4, 3)
369. (8, 6)
370. (7, 8)
371. (6, 7)
372. (8, 6)
373. (7, 8)
374. (3, 7)
375. (2, 4)
376. (8, 3)
377. (7, 8)
378. (6, 7)
379. (8, 6)
380. (7, 8)
381. (6, 7)
382. (5, 6)
383. (8, 5)
384. (7, 8)
385. (6, 7)
386. (8, 6)
387. (7, 8)
388. (6, 7)
389. (5, 6)
390. (7, 5)
391. (8, 7)
392. (6, 8)
393. (7, 6)
394. (8, 7)
395. (6, 8)
396. (5, 6)
397. (4, 5)
398. (8, 4)
399. (7, 8)
400. (6, 7)
401. (8, 6)
402. (7, 8)
403. (6, 7)
404. (5, 6)
405. (8, 5)
406. (7, 8)
407. (6, 7)
408. (8, 6)
409. (7, 8)
410. (6, 7)
411. (5, 6)
412. (7, 5)
413. (8, 7)
414. (6, 8)
415. (7, 6)
416. (8, 7)
417. (6, 8)
418. (5, 6)
419. (4, 5)
420. (7, 4)
421. (8, 7)
422. (6, 8)
423. (7, 6)
424. (8, 7)
425. (6, 8)
426. (5, 6)
427. (8, 5)
428. (7, 8)
429. (6, 7)
430. (8, 6)
431. (7, 8)
432. (6, 7)
433. (5, 6)
434. (7, 5)
435. (8, 7)
436. (6, 8)
437. (7, 6)
438. (8, 7)
439. (6, 8)
440. (5, 6)
441. (4, 5)
442. (6, 4)
443. (8, 6)
444. (7, 8)
445. (6, 7)
446. (8, 6)
447. (7, 8)
448. (5, 7)
449. (8, 5)
450. (7, 8)
451. (6, 7)
452. (8, 6)
453. (7, 8)
454. (6, 7)
455. (5, 6)
456. (8, 5)
457. (7, 8)
458. (6, 7)
459. (8, 6)
460. (7, 8)
461. (6, 7)
462. (4, 6)
463. (3, 4)
464. (8, 3)
465. (7, 8)
466. (6, 7)
467. (8, 6)
468. (7, 8)
469. (6, 7)
470. (5, 6)
471. (8, 5)
472. (7, 8)
473. (6, 7)
474. (8, 6)
475. (7, 8)
476. (6, 7)
477. (5, 6)
478. (7, 5)
479. (8, 7)
480. (6, 8)
481. (7, 6)
482. (8, 7)
483. (6, 8)
484. (5, 6)
485. (4, 5)
486. (8, 4)
487. (7, 8)
488. (6, 7)
489. (8, 6)
490. (7, 8)
491. (6, 7)
492. (5, 6)
493. (8, 5)
494. (7, 8)
495. (6, 7)
496. (8, 6)
497. (7, 8)
498. (6, 7)
499. (5, 6)
500. (7, 5)
501. (8, 7)
502. (6, 8)
503. (7, 6)
504. (8, 7)
505. (6, 8)
506. (5, 6)
507. (4, 5)
508. (7, 4)
509. (8, 7)
510. (6, 8)
511. (7, 6)
512. (8, 7)
513. (6, 8)
514. (5, 6)
515. (8, 5)
516. (7, 8)
517. (6, 7)
518. (8, 6)
519. (7, 8)
520. (6, 7)
521. (5, 6)
522. (7, 5)
523. (8, 7)
524. (6, 8)
525. (7, 6)
526. (8, 7)
527. (6, 8)
528. (5, 6)
529. (4, 5)
530. (6, 4)
531. (8, 6)
532. (7, 8)
533. (6, 7)
534. (8, 6)
535. (7, 8)
536. (5, 7)
537. (8, 5)
538. (7, 8)
539. (6, 7)
540. (8, 6)
541. (7, 8)
542. (6, 7)
543. (5, 6)
544. (8, 5)
545. (7, 8)
546. (6, 7)
547. (8, 6)
548. (7, 8)
549. (6, 7)
550. (4, 6)
551. (3, 4)
552. (8, 3)
553. (7, 8)
554. (6, 7)
555. (8, 6)
556. (7, 8)
557. (6, 7)
558. (5, 6)
559. (8, 5)
560. (7, 8)
561. (6, 7)
562. (8, 6)
563. (7, 8)
564. (6, 7)
565. (5, 6)
566. (7, 5)
567. (8, 7)
568. (6, 8)
569. (7, 6)
570. (8, 7)
571. (6, 8)
572. (5, 6)
573. (4, 5)
574. (8, 4)
575. (7, 8)
576. (6, 7)
577. (8, 6)
578. (7, 8)
579. (6, 7)
580. (5, 6)
581. (8, 5)
582. (7, 8)
583. (6, 7)
584. (8, 6)
585. (7, 8)
586. (6, 7)
587. (5, 6)
588. (7, 5)
589. (8, 7)
590. (6, 8)
591. (7, 6)
592. (8, 7)
593. (6, 8)
594. (5, 6)
595. (4, 5)
596. (7, 4)
597. (8, 7)
598. (6, 8)
599. (7, 6)
600. (8, 7)
601. (6, 8)
602. (5, 6)
603. (8, 5)
604. (7, 8)
605. (6, 7)
606. (8, 6)
607. (7, 8)
608. (6, 7)
609. (5, 6)
610. (7, 5)
611. (8, 7)
612. (6, 8)
613. (7, 6)
614. (8, 7)
615. (6, 8)
616. (5, 6)
617. (4, 5)
618. (6, 4)
619. (8, 6)
620. (7, 8)
621. (6, 7)
622. (8, 6)
623. (7, 8)
624. (5, 7)
625. (8, 5)
626. (7, 8)
627. (6, 7)
628. (8, 6)
629. (7, 8)
630. (6, 7)
631. (5, 6)
632. (8, 5)
633. (7, 8)
634. (6, 7)
635. (8, 6)
636. (7, 8)
637. (6, 7)
638. (4, 6)
639. (2, 8)
640. (7, 8)
641. (8, 4)
642. (6, 8)
643. (8, 7)
644. (5, 8)
645. (8, 6)
646. (7, 8)
647. (8, 5)
648. (6, 8)
649. (8, 7)
650. (5, 8)
651. (8, 6)
652. (7, 8)
653. (4, 7)
654. (8, 4)
655. (7, 8)
656. (8, 5)
657. (6, 8)
658. (8, 7)
659. (5, 8)
660. (8, 6)
661. (7, 8)
662. (8, 5)
663. (6, 8)
664. (8, 7)
665. (5, 8)
666. (4, 6)
667. (8, 5)
668. (7, 8)
669. (6, 7)
670. (8, 6)
671. (7, 8)
672. (6, 7)
673. (5, 4)
674. (8, 6)
675. (7, 8)
676. (8, 5)
677. (6, 8)
678. (8, 7)
679. (5, 8)
680. (8, 6)
681. (7, 8)
682. (8, 5)
683. (6, 8)
684. (8, 7)
685. (4, 8)
686. (7, 6)
687. (8, 7)
688. (6, 8)
689. (5, 6)
690. (8, 5)
691. (7, 8)
692. (6, 7)
693. (8, 6)
694. (7, 8)
695. (6, 7)
696. (5, 6)
697. (3, 5)
698. (8, 4)
699. (7, 8)
700. (8, 3)
701. (6, 8)
702. (8, 7)
703. (5, 8)
704. (8, 6)
705. (7, 8)
706. (8, 5)
707. (6, 8)
708. (8, 7)
709. (5, 8)
710. (8, 6)
711. (7, 8)
712. (4, 7)
713. (8, 5)
714. (7, 8)
715. (6, 7)
716. (8, 6)
717. (7, 8)
718. (8, 4)
719. (6, 8)
720. (8, 7)
721. (5, 8)
722. (8, 6)
723. (7, 8)
724. (8, 5)
725. (6, 8)
726. (8, 7)
727. (5, 8)
728. (8, 6)
729. (7, 8)
730. (4, 7)
731. (8, 4)
732. (7, 8)
733. (8, 5)
734. (6, 8)
735. (8, 7)
736. (5, 8)
737. (8, 6)
738. (7, 8)
739. (8, 5)
740. (6, 8)
741. (8, 7)
742. (5, 8)
743. (4, 6)
744. (8, 5)
745. (7, 8)
746. (6, 7)
747. (8, 6)
748. (7, 8)
749. (6, 7)
750. (3, 6)
751. (8, 4)
752. (7, 8)
753. (8, 3)
754. (6, 8)
755. (8, 7)
756. (5, 8)
757. (8, 6)
758. (7, 8)
759. (8, 5)
760. (6, 8)
761. (8, 7)
762. (5, 8)
763. (8, 6)
764. (7, 8)
765. (4, 7)
766. (8, 5)
767. (7, 8)
768. (6, 7)
769. (8, 6)
770. (7, 8)
771. (8, 4)
772. (6, 8)
773. (8, 7)
774. (5, 8)
775. (8, 6)
776. (7, 8)
777. (8, 5)
778. (6, 8)
779. (8, 7)
780. (5, 8)
781. (8, 6)
782. (7, 8)
783. (4, 7)
784. (8, 4)
785. (7, 8)
786. (8, 5)
787. (6, 8)
788. (8, 7)
789. (5, 8)
790. (8, 6)
791. (7, 8)
792. (8, 5)
793. (6, 8)
794. (8, 7)
795. (5, 8)
796. (4, 6)
797. (8, 5)
798. (7, 8)
799. (6, 7)
800. (8, 6)
801. (7, 8)
802. (6, 7)
803. (3, 4)
804. (8, 6)
805. (7, 8)
806. (6, 7)
807. (8, 6)
808. (7, 8)
809. (8, 3)
810. (6, 8)
811. (8, 7)
812. (5, 8)
813. (8, 6)
814. (7, 8)
815. (8, 5)
816. (6, 8)
817. (8, 7)
818. (5, 8)
819. (8, 6)
820. (7, 8)
821. (4, 7)
822. (8, 5)
823. (7, 8)
824. (6, 7)
825. (8, 6)
826. (7, 8)
827. (8, 4)
828. (6, 8)
829. (8, 7)
830. (5, 8)
831. (8, 6)
832. (7, 8)
833. (8, 5)
834. (6, 8)
835. (8, 7)
836. (5, 8)
837. (8, 6)
838. (7, 8)
839. (4, 7)
840. (8, 4)
841. (7, 8)
842. (8, 5)
843. (6, 8)
844. (8, 7)
845. (5, 8)
846. (8, 6)
847. (7, 8)
848. (8, 5)
849. (6, 8)
850. (8, 7)
851. (5, 8)
852. (4, 6)
853. (8, 5)
854. (7, 8)
855. (6, 7)
856. (8, 6)
857. (7, 8)
858. (6, 7)
859. (3, 6)
860. (8, 4)
861. (7, 8)
862. (6, 7)
863. (8, 6)
864. (7, 8)
865. (6, 7)
866. (5, 6)
867. (8, 5)
868. (7, 8)
869. (6, 7)
870. (5, 6)
871. (8, 5)
872. (7, 8)
873. (6, 7)
874. (8, 6)
875. (7, 8)
876. (6, 7)
877. (5, 6)
878. (4, 5)
879. (8, 4)
880. (7, 8)
881. (6, 7)
882. (5, 6)
883. (8, 5)
884. (7, 8)
885. (6, 7)
886. (8, 6)
887. (7, 8)
888. (6, 7)
889. (5, 6)
890. (7, 5)
891. (8, 7)
892. (6, 8)
893. (7, 6)
894. (8, 7)
895. (6, 8)
896. (5, 6)
897. (2, 5)
898. (8, 3)
899. (7, 8)
900. (8, 2)
901. (6, 8)
902. (8, 7)
903. (5, 8)
904. (8, 6)
905. (7, 8)
906. (8, 5)
907. (6, 8)
908. (8, 7)
909. (5, 8)
910. (8, 6)
911. (7, 8)
912. (4, 7)
913. (8, 5)
914. (7, 8)
915. (6, 7)
916. (8, 6)
917. (7, 8)
918. (8, 4)
919. (6, 8)
920. (8, 7)
921. (5, 8)
922. (8, 6)
923. (7, 8)
924. (8, 5)
925. (6, 8)
926. (8, 7)
927. (5, 8)
928. (8, 6)
929. (7, 8)
930. (4, 7)
931. (8, 4)
932. (7, 8)
933. (8, 5)
934. (6, 8)
935. (8, 7)
936. (5, 8)
937. (8, 6)
938. (7, 8)
939. (8, 5)
940. (6, 8)
941. (8, 7)
942. (5, 8)
943. (4, 6)
944. (8, 5)
945. (7, 8)
946. (6, 7)
947. (8, 6)
948. (7, 8)
949. (6, 7)
950. (3, 6)
951. (8, 4)
952. (7, 8)
953. (8, 3)
954. (6, 8)
955. (8, 7)
956. (5, 8)
957. (8, 6)
958. (7, 8)
959. (8, 5)
960. (6, 8)
961. (8, 7)
962. (5, 8)
963. (8, 6)
964. (7, 8)
965. (4, 7)
966. (8, 5)
967. (7, 8)
968. (6, 7)
969. (8, 6)
970. (7, 8)
971. (8, 4)
972. (6, 8)
973. (8, 7)
974. (5, 8)
975. (8, 6)
976. (7, 8)
977. (8, 5)
978. (6, 8)
979. (8, 7)
980. (5, 8)
981. (8, 6)
982. (7, 8)
983. (4, 7)
984. (8, 4)
985. (7, 8)
986. (8, 5)
987. (6, 8)
988. (8, 7)
989. (5, 8)
990. (8, 6)
991. (7, 8)
992. (8, 5)
993. (6, 8)
994. (8, 7)
995. (5, 8)
996. (4, 6)
997. (8, 5)
998. (7, 8)
999. (6, 7)
1000. (8, 6)
1001. (7, 8)
1002. (6, 7)
1003. (3, 6)
1004. (8, 4)
1005. (7, 8)
1006. (6, 7)
1007. (8, 6)
1008. (7, 8)
1009. (6, 7)
1010. (5, 6)
1011. (8, 5)
1012. (7, 8)
1013. (6, 7)
1014. (8, 6)
1015. (7, 8)
1016. (8, 3)
1017. (6, 8)
1018. (8, 7)
1019. (5, 8)
1020. (8, 6)
1021. (7, 8)
1022. (8, 5)
1023. (6, 8)
1024. (8, 7)
1025. (5, 8)
1026. (8, 6)
1027. (7, 8)
1028. (4, 7)
1029. (8, 5)
1030. (7, 8)
1031. (6, 7)
1032. (8, 6)
1033. (7, 8)
1034. (8, 4)
1035. (6, 8)
1036. (8, 7)
1037. (5, 8)
1038. (8, 6)
1039. (7, 8)
1040. (8, 5)
1041. (6, 8)
1042. (8, 7)
1043. (5, 8)
1044. (8, 6)
1045. (7, 8)
1046. (4, 7)
1047. (8, 4)
1048. (7, 8)
1049. (8, 5)
1050. (6, 8)
1051. (8, 7)
1052. (5, 8)
1053. (8, 6)
1054. (7, 8)
1055. (8, 5)
1056. (6, 8)
1057. (8, 7)
1058. (5, 8)
1059. (4, 6)
1060. (8, 5)
1061. (7, 8)
1062. (6, 7)
1063. (8, 6)
1064. (7, 8)
1065. (6, 7)
1066. (3, 6)
1067. (8, 4)
1068. (7, 8)
1069. (6, 7)
1070. (8, 6)
1071. (7, 8)
1072. (6, 7)
1073. (5, 6)
1074. (8, 5)
1075. (7, 8)
1076. (6, 7)
1077. (8, 6)
1078. (7, 8)
1079. (8, 3)
1080. (6, 8)
1081. (8, 7)
1082. (5, 8)
1083. (8, 6)
1084. (7, 8)
1085. (8, 5)
1086. (6, 8)
1087. (8, 7)
1088. (5, 8)
1089. (8, 6)
1090. (7, 8)
1091. (4, 7)
1092. (8, 5)
1093. (7, 8)
1094. (6, 7)
1095. (8, 6)
1096. (7, 8)
1097. (8, 4)
1098. (6, 8)
1099. (8, 7)
1100. (5, 8)
1101. (8, 6)
1102. (7, 8)
1103. (8, 5)
1104. (6, 8)
1105. (8, 7)
1106. (5, 8)
1107. (8, 6)
1108. (7, 8)
1109. (4, 7)
1110. (8, 4)
1111. (7, 8)
1112. (8, 5)
1113. (6, 8)
1114. (8, 7)
1115. (5, 8)
1116. (8, 6)
1117. (7, 8)
1118. (8, 5)
1119. (6, 8)
1120. (8, 7)
1121. (5, 8)
1122. (4, 6)
1123. (8, 5)
1124. (7, 8)
1125. (6, 7)
1126. (8, 6)
1127. (7, 8)
1128. (6, 7)
1129. (3, 6)
1130. (8, 4)
1131. (7, 8)
1132. (6, 7)
1133. (8, 6)
1134. (7, 8)
1135. (6, 7)
1136. (5, 6)
1137. (8, 5)
1138. (7, 8)
1139. (6, 7)
1140. (5, 6)
1141. (8, 5)
1142. (7, 8)
1143. (6, 7)
1144. (8, 6)
1145. (7, 8)
1146. (6, 7)
1147. (5, 6)
1148. (4, 5)
1149. (6, 4)
1150. (8, 6)
1151. (7, 8)
1152. (6, 7)
1153. (8, 6)
1154. (7, 8)
1155. (5, 7)
1156. (8, 5)
1157. (7, 8)
1158. (6, 7)
1159. (8, 6)
1160. (7, 8)
1161. (6, 7)
1162. (5, 6)
1163. (8, 5)
1164. (7, 8)
1165. (6, 7)
1166. (8, 6)
1167. (7, 8)
1168. (6, 7)
1169. (4, 6)
1170. (6, 3)
1171. (8, 6)
1172. (7, 8)
1173. (6, 7)
1174. (8, 6)
1175. (7, 8)
1176. (3, 7)
1177. (5, 4)
1178. (7, 5)
1179. (8, 7)
1180. (6, 8)
1181. (7, 6)
1182. (8, 7)
1183. (6, 8)
1184. (5, 6)
1185. (2, 5)
1186. (8, 3)
1187. (7, 8)
1188. (6, 7)
1189. (8, 6)
1190. (7, 8)
1191. (8, 2)
1192. (6, 8)
1193. (8, 7)
1194. (5, 8)
1195. (8, 6)
1196. (7, 8)
1197. (8, 5)
1198. (6, 8)
1199. (8, 7)
1200. (5, 8)
1201. (8, 6)
1202. (7, 8)
1203. (4, 7)
1204. (8, 5)
1205. (7, 8)
1206. (6, 7)
1207. (8, 6)
1208. (7, 8)
1209. (8, 4)
1210. (6, 8)
1211. (8, 7)
1212. (5, 8)
1213. (8, 6)
1214. (7, 8)
1215. (8, 5)
1216. (6, 8)
1217. (8, 7)
1218. (5, 8)
1219. (8, 6)
1220. (7, 8)
1221. (4, 7)
1222. (8, 4)
1223. (7, 8)
1224. (8, 5)
1225. (6, 8)
1226. (8, 7)
1227. (5, 8)
1228. (8, 6)
1229. (7, 8)
1230. (8, 5)
1231. (6, 8)
1232. (8, 7)
1233. (5, 8)
1234. (4, 6)
1235. (8, 5)
1236. (7, 8)
1237. (6, 7)
1238. (8, 6)
1239. (7, 8)
1240. (6, 7)
1241. (3, 6)
1242. (8, 4)
1243. (7, 8)
1244. (8, 3)
1245. (6, 8)
1246. (8, 7)
1247. (5, 8)
1248. (8, 6)
1249. (7, 8)
1250. (8, 5)
1251. (6, 8)
1252. (8, 7)
1253. (5, 8)
1254. (8, 6)
1255. (7, 8)
1256. (4, 7)
1257. (8, 5)
1258. (7, 8)
1259. (6, 7)
1260. (8, 6)
1261. (7, 8)
1262. (8, 4)
1263. (6, 8)
1264. (8, 7)
1265. (5, 8)
1266. (8, 6)
1267. (7, 8)
1268. (8, 5)
1269. (6, 8)
1270. (8, 7)
1271. (5, 8)
1272. (8, 6)
1273. (7, 8)
1274. (4, 7)
1275. (8, 4)
1276. (7, 8)
1277. (8, 5)
1278. (6, 8)
1279. (8, 7)
1280. (5, 8)
1281. (8, 6)
1282. (7, 8)
1283. (8, 5)
1284. (6, 8)
1285. (8, 7)
1286. (5, 8)
1287. (4, 6)
1288. (8, 5)
1289. (7, 8)
1290. (6, 7)
1291. (8, 6)
1292. (7, 8)
1293. (6, 7)
1294. (3, 6)
1295. (8, 4)
1296. (7, 8)
1297. (6, 7)
1298. (8, 6)
1299. (7, 8)
1300. (6, 7)
1301. (5, 6)
1302. (8, 5)
1303. (7, 8)
1304. (6, 7)
1305. (8, 6)
1306. (7, 8)
1307. (8, 3)
1308. (6, 8)
1309. (8, 7)
1310. (5, 8)
1311. (8, 6)
1312. (7, 8)
1313. (8, 5)
1314. (6, 8)
1315. (8, 7)
1316. (5, 8)
1317. (8, 6)
1318. (7, 8)
1319. (4, 7)
1320. (8, 5)
1321. (7, 8)
1322. (6, 7)
1323. (8, 6)
1324. (7, 8)
1325. (8, 4)
1326. (6, 8)
1327. (8, 7)
1328. (5, 8)
1329. (8, 6)
1330. (7, 8)
1331. (8, 5)
1332. (6, 8)
1333. (8, 7)
1334. (5, 8)
1335. (8, 6)
1336. (7, 8)
1337. (4, 7)
1338. (8, 4)
1339. (7, 8)
1340. (8, 5)
1341. (6, 8)
1342. (8, 7)
1343. (5, 8)
1344. (8, 6)
1345. (7, 8)
1346. (8, 5)
1347. (6, 8)
1348. (8, 7)
1349. (5, 8)
1350. (4, 6)
1351. (8, 5)
1352. (7, 8)
1353. (6, 7)
1354. (8, 6)
1355. (7, 8)
1356. (6, 7)
1357. (3, 6)
1358. (8, 4)
1359. (7, 8)
1360. (6, 7)
1361. (8, 6)
1362. (7, 8)
1363. (6, 7)
1364. (5, 6)
1365. (8, 5)
1366. (7, 8)
1367. (6, 7)
1368. (8, 6)
1369. (7, 8)
1370. (8, 3)
1371. (6, 8)
1372. (8, 7)
1373. (5, 8)
1374. (8, 6)
1375. (7, 8)
1376. (8, 5)
1377. (6, 8)
1378. (8, 7)
1379. (5, 8)
1380. (8, 6)
1381. (7, 8)
1382. (4, 7)
1383. (8, 5)
1384. (7, 8)
1385. (6, 7)
1386. (8, 6)
1387. (7, 8)
1388. (8, 4)
1389. (6, 8)
1390. (8, 7)
1391. (5, 8)
1392. (8, 6)
1393. (7, 8)
1394. (8, 5)
1395. (6, 8)
1396. (8, 7)
1397. (5, 8)
1398. (8, 6)
1399. (7, 8)
1400. (4, 7)
1401. (8, 4)
1402. (7, 8)
1403. (8, 5)
1404. (6, 8)
1405. (8, 7)
1406. (5, 8)
1407. (8, 6)
1408. (7, 8)
1409. (8, 5)
1410. (6, 8)
1411. (8, 7)
1412. (5, 8)
1413. (4, 6)
1414. (8, 5)
1415. (7, 8)
1416. (6, 7)
1417. (8, 6)
1418. (7, 8)
1419. (6, 7)
1420. (3, 6)
1421. (8, 4)
1422. (7, 8)
1423. (6, 7)
1424. (8, 6)
1425. (7, 8)
1426. (6, 7)
1427. (5, 6)
1428. (8, 5)
1429. (7, 8)
1430. (6, 7)
1431. (5, 6)
1432. (8, 5)
1433. (7, 8)
1434. (6, 7)
1435. (8, 6)
1436. (7, 8)
1437. (6, 7)
1438. (5, 6)
1439. (4, 5)
1440. (6, 4)
1441. (8, 6)
1442. (7, 8)
1443. (6, 7)
1444. (8, 6)
1445. (7, 8)
1446. (5, 7)
1447. (8, 5)
1448. (7, 8)
1449. (6, 7)
1450. (8, 6)
1451. (7, 8)
1452. (6, 7)
1453. (5, 6)
1454. (8, 5)
1455. (7, 8)
1456. (6, 7)
1457. (8, 6)
1458. (7, 8)
1459. (6, 7)
1460. (4, 6)
1461. (6, 3)
1462. (8, 6)
1463. (7, 8)
1464. (6, 7)
1465. (8, 6)
1466. (7, 8)
1467. (3, 7)
1468. (5, 4)
1469. (7, 5)
1470. (8, 7)
1471. (6, 8)
1472. (7, 6)
1473. (8, 7)
1474. (6, 8)
1475. (5, 6)
1476. (2, 5)
1477. (8, 3)
1478. (7, 8)
1479. (6, 7)
1480. (8, 6)
1481. (7, 8)
1482. (8, 2)
1483. (6, 8)
1484. (8, 7)
1485. (5, 8)
1486. (8, 6)
1487. (7, 8)
1488. (8, 5)
1489. (6, 8)
1490. (8, 7)
1491. (5, 8)
1492. (8, 6)
1493. (7, 8)
1494. (4, 7)
1495. (8, 5)
1496. (7, 8)
1497. (6, 7)
1498. (8, 6)
1499. (7, 8)
1500. (8, 4)
1501. (6, 8)
1502. (8, 7)
1503. (5, 8)
1504. (8, 6)
1505. (7, 8)
1506. (8, 5)
1507. (6, 8)
1508. (8, 7)
1509. (5, 8)
1510. (8, 6)
1511. (7, 8)
1512. (4, 7)
1513. (8, 4)
1514. (7, 8)
1515. (8, 5)
1516. (6, 8)
1517. (8, 7)
1518. (5, 8)
1519. (8, 6)
1520. (7, 8)
1521. (8, 5)
1522. (6, 8)
1523. (8, 7)
1524. (5, 8)
1525. (4, 6)
1526. (8, 5)
1527. (7, 8)
1528. (6, 7)
1529. (8, 6)
1530. (7, 8)
1531. (6, 7)
1532. (3, 6)
1533. (8, 4)
1534. (7, 8)
1535. (8, 3)
1536. (6, 8)
1537. (8, 7)
1538. (5, 8)
1539. (8, 6)
1540. (7, 8)
1541. (8, 5)
1542. (6, 8)
1543. (8, 7)
1544. (5, 8)
1545. (8, 6)
1546. (7, 8)
1547. (4, 7)
1548. (8, 5)
1549. (7, 8)
1550. (6, 7)
1551. (8, 6)
1552. (7, 8)
1553. (8, 4)
1554. (6, 8)
1555. (8, 7)
1556. (5, 8)
1557. (8, 6)
1558. (7, 8)
1559. (8, 5)
1560. (6, 8)
1561. (8, 7)
1562. (5, 8)
1563. (8, 6)
1564. (7, 8)
1565. (4, 7)
1566. (8, 4)
1567. (7, 8)
1568. (8, 5)
1569. (6, 8)
1570. (8, 7)
1571. (5, 8)
1572. (8, 6)
1573. (7, 8)
1574. (8, 5)
1575. (6, 8)
1576. (8, 7)
1577. (5, 8)
1578. (4, 6)
1579. (8, 5)
1580. (7, 8)
1581. (6, 7)
1582. (8, 6)
1583. (7, 8)
1584. (6, 7)
1585. (3, 6)
1586. (8, 4)
1587. (7, 8)
1588. (6, 7)
1589. (8, 6)
1590. (7, 8)
1591. (6, 7)
1592. (5, 6)
1593. (8, 5)
1594. (7, 8)
1595. (6, 7)
1596. (8, 6)
1597. (7, 8)
1598. (8, 3)
1599. (6, 8)
1600. (8, 7)
1601. (5, 8)
1602. (8, 6)
1603. (7, 8)
1604. (8, 5)
1605. (6, 8)
1606. (8, 7)
1607. (5, 8)
1608. (8, 6)
1609. (7, 8)
1610. (4, 7)
1611. (8, 5)
1612. (7, 8)
1613. (6, 7)
1614. (8, 6)
1615. (7, 8)
1616. (8, 4)
1617. (6, 8)
1618. (8, 7)
1619. (5, 8)
1620. (8, 6)
1621. (7, 8)
1622. (8, 5)
1623. (6, 8)
1624. (8, 7)
1625. (5, 8)
1626. (8, 6)
1627. (7, 8)
1628. (4, 7)
1629. (8, 4)
1630. (7, 8)
1631. (8, 5)
1632. (6, 8)
1633. (8, 7)
1634. (5, 8)
1635. (8, 6)
1636. (7, 8)
1637. (8, 5)
1638. (6, 8)
1639. (8, 7)
1640. (5, 8)
1641. (4, 6)
1642. (8, 5)
1643. (7, 8)
1644. (6, 7)
1645. (8, 6)
1646. (7, 8)
1647. (6, 7)
1648. (3, 6)
1649. (8, 4)
1650. (7, 8)
1651. (6, 7)
1652. (8, 6)
1653. (7, 8)
1654. (6, 7)
1655. (5, 6)
1656. (8, 5)
1657. (7, 8)
1658. (6, 7)
1659. (8, 6)
1660. (7, 8)
1661. (8, 3)
1662. (6, 8)
1663. (8, 7)
1664. (5, 8)
1665. (8, 6)
1666. (7, 8)
1667. (8, 5)
1668. (6, 8)
1669. (8, 7)
1670. (5, 8)
1671. (8, 6)
1672. (7, 8)
1673. (4, 7)
1674. (8, 5)
1675. (7, 8)
1676. (6, 7)
1677. (8, 6)
1678. (7, 8)
1679. (8, 4)
1680. (6, 8)
1681. (8, 7)
1682. (5, 8)
1683. (8, 6)
1684. (7, 8)
1685. (8, 5)
1686. (6, 8)
1687. (8, 7)
1688. (5, 8)
1689. (8, 6)
1690. (7, 8)
1691. (4, 7)
1692. (8, 4)
1693. (7, 8)
1694. (8, 5)
1695. (6, 8)
1696. (8, 7)
1697. (5, 8)
1698. (8, 6)
1699. (7, 8)
1700. (8, 5)
1701. (6, 8)
1702. (8, 7)
1703. (5, 8)
1704. (4, 6)
1705. (8, 5)
1706. (7, 8)
1707. (6, 7)
1708. (8, 6)
1709. (7, 8)
1710. (6, 7)
1711. (3, 6)
1712. (8, 4)
1713. (7, 8)
1714. (6, 7)
1715. (8, 6)
1716. (7, 8)
1717. (6, 7)
1718. (5, 6)
1719. (8, 5)
1720. (7, 8)
1721. (6, 7)
1722. (5, 6)
1723. (8, 5)
1724. (7, 8)
1725. (6, 7)
1726. (8, 6)
1727. (7, 8)
1728. (6, 7)
1729. (5, 6)
1730. (4, 5)
1731. (6, 4)
1732. (8, 6)
1733. (7, 8)
1734. (6, 7)
1735. (8, 6)
1736. (7, 8)
1737. (5, 7)
1738. (8, 5)
1739. (7, 8)
1740. (6, 7)
1741. (8, 6)
1742. (7, 8)
1743. (6, 7)
1744. (5, 6)
1745. (8, 5)
1746. (7, 8)
1747. (6, 7)
1748. (8, 6)
1749. (7, 8)
1750. (6, 7)
1751. (4, 6)
1752. (6, 3)
1753. (8, 6)
1754. (7, 8)
1755. (6, 7)
1756. (8, 6)
1757. (7, 8)
1758. (3, 7)
1759. (5, 4)
1760. (7, 5)
1761. (8, 7)
1762. (6, 8)
1763. (7, 6)
1764. (8, 7)
1765. (6, 8)
1766. (5, 6)
1767. (2, 5)
1768. (8, 3)
1769. (7, 8)
1770. (6, 7)
1771. (8, 6)
1772. (7, 8)
1773. (8, 2)
1774. (6, 8)
1775. (8, 7)
1776. (5, 8)
1777. (8, 6)
1778. (7, 8)
1779. (8, 5)
1780. (6, 8)
1781. (8, 7)
1782. (5, 8)
1783. (8, 6)
1784. (7, 8)
1785. (4, 7)
1786. (8, 5)
1787. (7, 8)
1788. (6, 7)
1789. (8, 6)
1790. (7, 8)
1791. (8, 4)
1792. (6, 8)
1793. (8, 7)
1794. (5, 8)
1795. (8, 6)
1796. (7, 8)
1797. (8, 5)
1798. (6, 8)
1799. (8, 7)
1800. (5, 8)
1801. (8, 6)
1802. (7, 8)
1803. (4, 7)
1804. (8, 4)
1805. (7, 8)
1806. (8, 5)
1807. (6, 8)
1808. (8, 7)
1809. (5, 8)
1810. (8, 6)
1811. (7, 8)
1812. (8, 5)
1813. (6, 8)
1814. (8, 7)
1815. (5, 8)
1816. (4, 6)
1817. (8, 5)
1818. (7, 8)
1819. (6, 7)
1820. (8, 6)
1821. (7, 8)
1822. (6, 7)
1823. (3, 6)
1824. (8, 4)
1825. (7, 8)
1826. (8, 3)
1827. (6, 8)
1828. (8, 7)
1829. (5, 8)
1830. (8, 6)
1831. (7, 8)
1832. (8, 5)
1833. (6, 8)
1834. (8, 7)
1835. (5, 8)
1836. (8, 6)
1837. (7, 8)
1838. (4, 7)
1839. (8, 5)
1840. (7, 8)
1841. (6, 7)
1842. (8, 6)
1843. (7, 8)
1844. (8, 4)
1845. (6, 8)
1846. (8, 7)
1847. (5, 8)
1848. (8, 6)
1849. (7, 8)
1850. (8, 5)
1851. (6, 8)
1852. (8, 7)
1853. (5, 8)
1854. (8, 6)
1855. (7, 8)
1856. (4, 7)
1857. (8, 4)
1858. (7, 8)
1859. (8, 5)
1860. (6, 8)
1861. (8, 7)
1862. (5, 8)
1863. (8, 6)
1864. (7, 8)
1865. (8, 5)
1866. (6, 8)
1867. (8, 7)
1868. (5, 8)
1869. (4, 6)
1870. (8, 5)
1871. (7, 8)
1872. (6, 7)
1873. (8, 6)
1874. (7, 8)
1875. (6, 7)
1876. (3, 6)
1877. (8, 4)
1878. (7, 8)
1879. (6, 7)
1880. (8, 6)
1881. (7, 8)
1882. (6, 7)
1883. (5, 6)
1884. (8, 5)
1885. (7, 8)
1886. (6, 7)
1887. (8, 6)
1888. (7, 8)
1889. (8, 3)
1890. (6, 8)
1891. (8, 7)
1892. (5, 8)
1893. (8, 6)
1894. (7, 8)
1895. (8, 5)
1896. (6, 8)
1897. (8, 7)
1898. (5, 8)
1899. (8, 6)
1900. (7, 8)
1901. (4, 7)
1902. (8, 5)
1903. (7, 8)
1904. (6, 7)
1905. (8, 6)
1906. (7, 8)
1907. (8, 4)
1908. (6, 8)
1909. (8, 7)
1910. (5, 8)
1911. (8, 6)
1912. (7, 8)
1913. (8, 5)
1914. (6, 8)
1915. (8, 7)
1916. (5, 8)
1917. (8, 6)
1918. (7, 8)
1919. (4, 7)
1920. (8, 4)
1921. (7, 8)
1922. (8, 5)
1923. (6, 8)
1924. (8, 7)
1925. (5, 8)
1926. (8, 6)
1927. (7, 8)
1928. (8, 5)
1929. (6, 8)
1930. (8, 7)
1931. (5, 8)
1932. (4, 6)
1933. (8, 5)
1934. (7, 8)
1935. (6, 7)
1936. (8, 6)
1937. (7, 8)
1938. (6, 7)
1939. (3, 6)
1940. (8, 4)
1941. (7, 8)
1942. (6, 7)
1943. (8, 6)
1944. (7, 8)
1945. (6, 7)
1946. (5, 6)
1947. (8, 5)
1948. (7, 8)
1949. (6, 7)
1950. (8, 6)
1951. (7, 8)
1952. (8, 3)
1953. (6, 8)
1954. (8, 7)
1955. (5, 8)
1956. (8, 6)
1957. (7, 8)
1958. (8, 5)
1959. (6, 8)
1960. (8, 7)
1961. (5, 8)
1962. (8, 6)
1963. (7, 8)
1964. (4, 7)
1965. (8, 5)
1966. (7, 8)
1967. (6, 7)
1968. (8, 6)
1969. (7, 8)
1970. (8, 4)
1971. (6, 8)
1972. (8, 7)
1973. (5, 8)
1974. (8, 6)
1975. (7, 8)
1976. (8, 5)
1977. (6, 8)
1978. (8, 7)
1979. (5, 8)
1980. (8, 6)
1981. (7, 8)
1982. (4, 7)
1983. (8, 4)
1984. (7, 8)
1985. (8, 5)
1986. (6, 8)
1987. (8, 7)
1988. (5, 8)
1989. (8, 6)
1990. (7, 8)
1991. (8, 5)
1992. (6, 8)
1993. (8, 7)
1994. (5, 8)
1995. (4, 6)
1996. (8, 5)
1997. (7, 8)
1998. (6, 7)
1999. (8, 6)
2000. (7, 8)
2001. (6, 7)
2002. (3, 6)
2003. (8, 4)
2004. (7, 8)
2005. (6, 7)
2006. (8, 6)
2007. (7, 8)
2008. (6, 7)
2009. (5, 6)
2010. (8, 5)
2011. (7, 8)
2012. (6, 7)
2013. (5, 6)
2014. (8, 5)
2015. (7, 8)
2016. (6, 7)
2017. (8, 6)
2018. (7, 8)
2019. (6, 7)
2020. (5, 6)
2021. (4, 5)
2022. (6, 4)
2023. (8, 6)
2024. (7, 8)
2025. (6, 7)
2026. (8, 6)
2027. (7, 8)
2028. (5, 7)
2029. (8, 5)
2030. (7, 8)
2031. (6, 7)
2032. (8, 6)
2033. (7, 8)
2034. (6, 7)
2035. (5, 6)
2036. (8, 5)
2037. (7, 8)
2038. (6, 7)
2039. (8, 6)
2040. (7, 8)
2041. (6, 7)
2042. (4, 6)
2043. (6, 3)
2044. (8, 6)
2045. (7, 8)
2046. (6, 7)
2047. (8, 6)
2048. (7, 8)
2049. (3, 7)
2050. (5, 4)
2051. (7, 5)
2052. (8, 7)
2053. (6, 8)
2054. (7, 6)
2055. (8, 7)
2056. (6, 8)
2057. (5, 6)
2058. (2, 5)
2059. (8, 3)
2060. (7, 8)
2061. (6, 7)
2062. (8, 6)
2063. (7, 8)
2064. (6, 7)
2065. (5, 6)
2066. (8, 5)
2067. (7, 8)
2068. (6, 7)
2069. (8, 6)
2070. (7, 8)
2071. (6, 7)
2072. (5, 6)
2073. (7, 5)
2074. (8, 7)
2075. (6, 8)
2076. (7, 6)
2077. (8, 7)
2078. (6, 8)
2079. (5, 6)
2080. (4, 5)
2081. (8, 4)
2082. (7, 8)
2083. (6, 7)
2084. (8, 6)
2085. (7, 8)
2086. (6, 7)
2087. (5, 6)
2088. (8, 5)
2089. (7, 8)
2090. (6, 7)
2091. (8, 6)
2092. (7, 8)
2093. (6, 7)
2094. (5, 6)
2095. (7, 5)
2096. (8, 7)
2097. (6, 8)
2098. (7, 6)
2099. (8, 7)
2100. (6, 8)
2101. (5, 6)
2102. (4, 5)
2103. (7, 4)
2104. (8, 7)
2105. (6, 8)
2106. (7, 6)
2107. (8, 7)
2108. (6, 8)
2109. (5, 6)
2110. (8, 5)
2111. (7, 8)
2112. (6, 7)
2113. (8, 6)
2114. (7, 8)
2115. (6, 7)
2116. (5, 6)
2117. (7, 5)
2118. (8, 7)
2119. (6, 8)
2120. (7, 6)
2121. (8, 7)
2122. (6, 8)
2123. (5, 6)
2124. (4, 5)
2125. (7, 2)
2126. (8, 7)
2127. (6, 8)
2128. (7, 6)
2129. (8, 7)
2130. (6, 8)
2131. (5, 6)
2132. (1, 7)
2133. (8, 5)
2134. (7, 8)
2135. (8, 4)
2136. (6, 8)
2137. (8, 7)
2138. (5, 8)
2139. (8, 6)
2140. (7, 8)
2141. (8, 5)
2142. (6, 8)
2143. (8, 7)
2144. (5, 8)
2145. (8, 6)
2146. (7, 8)
2147. (4, 5)
2148. (8, 7)
2149. (7, 4)
2150. (6, 8)
2151. (8, 7)
2152. (5, 8)
2153. (8, 6)
2154. (7, 8)
2155. (8, 5)
2156. (6, 8)
2157. (8, 7)
2158. (5, 8)
2159. (8, 6)
2160. (7, 8)
2161. (4, 7)
2162. (6, 5)
2163. (8, 6)
2164. (7, 8)
2165. (6, 7)
2166. (8, 6)
2167. (7, 8)
2168. (5, 7)
2169. (8, 5)
2170. (7, 8)
2171. (8, 4)
2172. (6, 8)
2173. (8, 7)
2174. (5, 8)
2175. (8, 6)
2176. (7, 8)
2177. (8, 5)
2178. (6, 8)
2179. (8, 7)
2180. (5, 8)
2181. (8, 6)
2182. (7, 8)
2183. (3, 7)
2184. (8, 5)
2185. (7, 8)
2186. (6, 7)
2187. (8, 6)
2188. (7, 8)
2189. (8, 3)
2190. (6, 8)
2191. (8, 7)
2192. (5, 8)
2193. (8, 6)
2194. (7, 8)
2195. (8, 5)
2196. (6, 8)
2197. (8, 7)
2198. (5, 8)
2199. (8, 6)
2200. (7, 8)
2201. (4, 7)
2202. (8, 5)
2203. (7, 8)
2204. (6, 7)
2205. (8, 6)
2206. (7, 8)
2207. (8, 4)
2208. (6, 8)
2209. (8, 7)
2210. (5, 8)
2211. (8, 6)
2212. (7, 8)
2213. (8, 5)
2214. (6, 8)
2215. (8, 7)
2216. (5, 8)
2217. (8, 6)
2218. (7, 8)
2219. (4, 7)
2220. (8, 4)
2221. (7, 8)
2222. (8, 5)
2223. (6, 8)
2224. (8, 7)
2225. (5, 8)
2226. (8, 6)
2227. (7, 8)
2228. (8, 5)
2229. (6, 8)
2230. (8, 7)
2231. (5, 8)
2232. (4, 6)
2233. (8, 5)
2234. (7, 8)
2235. (6, 7)
2236. (8, 6)
2237. (7, 8)
2238. (6, 7)
2239. (3, 6)
2240. (8, 4)
2241. (7, 8)
2242. (6, 7)
2243. (8, 6)
2244. (7, 8)
2245. (6, 7)
2246. (5, 6)
2247. (8, 5)
2248. (7, 8)
2249. (6, 7)
2250. (8, 6)
2251. (7, 8)
2252. (8, 3)
2253. (6, 8)
2254. (8, 7)
2255. (5, 8)
2256. (8, 6)
2257. (7, 8)
2258. (8, 5)
2259. (6, 8)
2260. (8, 7)
2261. (5, 8)
2262. (8, 6)
2263. (7, 8)
2264. (4, 7)
2265. (8, 5)
2266. (7, 8)
2267. (6, 7)
2268. (8, 6)
2269. (7, 8)
2270. (8, 4)
2271. (6, 8)
2272. (8, 7)
2273. (5, 8)
2274. (8, 6)
2275. (7, 8)
2276. (8, 5)
2277. (6, 8)
2278. (8, 7)
2279. (5, 8)
2280. (8, 6)
2281. (7, 8)
2282. (4, 7)
2283. (8, 4)
2284. (7, 8)
2285. (8, 5)
2286. (6, 8)
2287. (8, 7)
2288. (5, 8)
2289. (8, 6)
2290. (7, 8)
2291. (8, 5)
2292. (6, 8)
2293. (8, 7)
2294. (5, 8)
2295. (4, 6)
2296. (8, 5)
2297. (7, 8)
2298. (6, 7)
2299. (8, 6)
2300. (7, 8)
2301. (6, 7)
2302. (3, 6)
2303. (8, 4)
2304. (7, 8)
2305. (6, 7)
2306. (8, 6)
2307. (7, 8)
2308. (6, 7)
2309. (5, 6)
2310. (8, 5)
2311. (7, 8)
2312. (6, 7)
2313. (8, 6)
2314. (7, 8)
2315. (8, 3)
2316. (6, 8)
2317. (8, 7)
2318. (5, 8)
2319. (8, 6)
2320. (7, 8)
2321. (8, 5)
2322. (6, 8)
2323. (8, 7)
2324. (5, 8)
2325. (8, 6)
2326. (7, 8)
2327. (4, 7)
2328. (8, 5)
2329. (7, 8)
2330. (6, 7)
2331. (8, 6)
2332. (7, 8)
2333. (8, 4)
2334. (6, 8)
2335. (8, 7)
2336. (5, 8)
2337. (8, 6)
2338. (7, 8)
2339. (8, 5)
2340. (6, 8)
2341. (8, 7)
2342. (5, 8)
2343. (8, 6)
2344. (7, 8)
2345. (4, 7)
2346. (8, 4)
2347. (7, 8)
2348. (8, 5)
2349. (6, 8)
2350. (8, 7)
2351. (5, 8)
2352. (8, 6)
2353. (7, 8)
2354. (8, 5)
2355. (6, 8)
2356. (8, 7)
2357. (5, 8)
2358. (4, 6)
2359. (8, 5)
2360. (7, 8)
2361. (6, 7)
2362. (8, 6)
2363. (7, 8)
2364. (6, 7)
2365. (3, 6)
2366. (8, 4)
2367. (7, 8)
2368. (6, 7)
2369. (8, 6)
2370. (7, 8)
2371. (6, 7)
2372. (4, 6)
2373. (7, 4)
2374. (8, 7)
2375. (6, 8)
2376. (7, 6)
2377. (8, 7)
2378. (6, 8)
2379. (5, 6)
2380. (8, 5)
2381. (7, 8)
2382. (6, 7)
2383. (8, 6)
2384. (7, 8)
2385. (6, 7)
2386. (5, 6)
2387. (7, 5)
2388. (8, 7)
2389. (6, 8)
2390. (7, 6)
2391. (8, 7)
2392. (6, 8)
2393. (5, 6)
2394. (4, 5)
2395. (8, 4)
2396. (7, 8)
2397. (6, 7)
2398. (8, 6)
2399. (7, 8)
2400. (6, 7)
2401. (5, 6)
2402. (4, 5)
2403. (6, 3)
2404. (7, 6)
2405. (8, 7)
2406. (6, 8)
2407. (3, 6)
2408. (5, 4)
2409. (2, 5)
2410. (8, 3)
2411. (7, 8)
2412. (8, 2)
2413. (6, 8)
2414. (8, 7)
2415. (5, 8)
2416. (8, 6)
2417. (7, 8)
2418. (8, 5)
2419. (6, 8)
2420. (8, 7)
2421. (5, 8)
2422. (8, 6)
2423. (7, 8)
2424. (4, 7)
2425. (8, 5)
2426. (7, 8)
2427. (6, 7)
2428. (8, 6)
2429. (7, 8)
2430. (8, 4)
2431. (6, 8)
2432. (8, 7)
2433. (5, 8)
2434. (8, 6)
2435. (7, 8)
2436. (8, 5)
2437. (6, 8)
2438. (8, 7)
2439. (5, 8)
2440. (8, 6)
2441. (7, 8)
2442. (4, 7)
2443. (8, 4)
2444. (7, 8)
2445. (8, 5)
2446. (6, 8)
2447. (8, 7)
2448. (5, 8)
2449. (8, 6)
2450. (7, 8)
2451. (8, 5)
2452. (6, 8)
2453. (8, 7)
2454. (5, 8)
2455. (4, 6)
2456. (8, 5)
2457. (7, 8)
2458. (6, 7)
2459. (8, 6)
2460. (7, 8)
2461. (6, 7)
2462. (3, 6)
2463. (8, 4)
2464. (7, 8)
2465. (8, 3)
2466. (6, 8)
2467. (8, 7)
2468. (5, 8)
2469. (8, 6)
2470. (7, 8)
2471. (8, 5)
2472. (6, 8)
2473. (8, 7)
2474. (5, 8)
2475. (8, 6)
2476. (7, 8)
2477. (4, 7)
2478. (8, 5)
2479. (7, 8)
2480. (6, 7)
2481. (8, 6)
2482. (7, 8)
2483. (8, 4)
2484. (6, 8)
2485. (8, 7)
2486. (5, 8)
2487. (8, 6)
2488. (7, 8)
2489. (8, 5)
2490. (6, 8)
2491. (8, 7)
2492. (5, 8)
2493. (8, 6)
2494. (7, 8)
2495. (4, 7)
2496. (8, 4)
2497. (7, 8)
2498. (8, 5)
2499. (6, 8)
2500. (8, 7)
2501. (5, 8)
2502. (8, 6)
2503. (7, 8)
2504. (8, 5)
2505. (6, 8)
2506. (8, 7)
2507. (5, 8)
2508. (4, 6)
2509. (8, 5)
2510. (7, 8)
2511. (6, 7)
2512. (8, 6)
2513. (7, 8)
2514. (6, 7)
2515. (3, 6)
2516. (8, 4)
2517. (7, 8)
2518. (6, 7)
2519. (8, 6)
2520. (7, 8)
2521. (6, 7)
2522. (5, 6)
2523. (8, 5)
2524. (7, 8)
2525. (6, 7)
2526. (8, 6)
2527. (7, 8)
2528. (8, 3)
2529. (6, 8)
2530. (8, 7)
2531. (5, 8)
2532. (8, 6)
2533. (7, 8)
2534. (8, 5)
2535. (6, 8)
2536. (8, 7)
2537. (5, 8)
2538. (8, 6)
2539. (7, 8)
2540. (4, 7)
2541. (8, 5)
2542. (7, 8)
2543. (6, 7)
2544. (8, 6)
2545. (7, 8)
2546. (8, 4)
2547. (6, 8)
2548. (8, 7)
2549. (5, 8)
2550. (8, 6)
2551. (7, 8)
2552. (8, 5)
2553. (6, 8)
2554. (8, 7)
2555. (5, 8)
2556. (8, 6)
2557. (7, 8)
2558. (4, 7)
2559. (8, 4)
2560. (7, 8)
2561. (8, 5)
2562. (6, 8)
2563. (8, 7)
2564. (5, 8)
2565. (8, 6)
2566. (7, 8)
2567. (8, 5)
2568. (6, 8)
2569. (8, 7)
2570. (5, 8)
2571. (4, 6)
2572. (8, 5)
2573. (7, 8)
2574. (6, 7)
2575. (8, 6)
2576. (7, 8)
2577. (6, 7)
2578. (3, 6)
2579. (8, 4)
2580. (7, 8)
2581. (6, 7)
2582. (8, 6)
2583. (7, 8)
2584. (6, 7)
2585. (5, 6)
2586. (8, 5)
2587. (7, 8)
2588. (6, 7)
2589. (8, 6)
2590. (7, 8)
2591. (8, 3)
2592. (6, 8)
2593. (8, 7)
2594. (5, 8)
2595. (8, 6)
2596. (7, 8)
2597. (8, 5)
2598. (6, 8)
2599. (8, 7)
2600. (5, 8)
2601. (8, 6)
2602. (7, 8)
2603. (4, 7)
2604. (8, 5)
2605. (7, 8)
2606. (6, 7)
2607. (8, 6)
2608. (7, 8)
2609. (8, 4)
2610. (6, 8)
2611. (8, 7)
2612. (5, 8)
2613. (8, 6)
2614. (7, 8)
2615. (8, 5)
2616. (6, 8)
2617. (8, 7)
2618. (5, 8)
2619. (8, 6)
2620. (7, 8)
2621. (4, 7)
2622. (8, 4)
2623. (7, 8)
2624. (8, 5)
2625. (6, 8)
2626. (8, 7)
2627. (5, 8)
2628. (8, 6)
2629. (7, 8)
2630. (8, 5)
2631. (6, 8)
2632. (8, 7)
2633. (5, 8)
2634. (4, 6)
2635. (8, 5)
2636. (7, 8)
2637. (6, 7)
2638. (8, 6)
2639. (7, 8)
2640. (6, 7)
2641. (3, 6)
2642. (8, 4)
2643. (7, 8)
2644. (6, 7)
2645. (8, 6)
2646. (7, 8)
2647. (6, 7)
2648. (5, 6)
2649. (8, 5)
2650. (7, 8)
2651. (6, 7)
2652. (5, 6)
2653. (8, 5)
2654. (7, 8)
2655. (6, 7)
2656. (8, 6)
2657. (7, 8)
2658. (6, 7)
2659. (5, 6)
2660. (4, 5)
2661. (6, 4)
2662. (8, 6)
2663. (7, 8)
2664. (6, 7)
2665. (8, 6)
2666. (7, 8)
2667. (5, 7)
2668. (8, 5)
2669. (7, 8)
2670. (6, 7)
2671. (8, 6)
2672. (7, 8)
2673. (6, 7)
2674. (5, 6)
2675. (8, 5)
2676. (7, 8)
2677. (6, 7)
2678. (8, 6)
2679. (7, 8)
2680. (6, 7)
2681. (4, 6)
2682. (6, 3)
2683. (8, 6)
2684. (7, 8)
2685. (6, 7)
2686. (8, 6)
2687. (7, 8)
2688. (3, 7)
2689. (5, 4)
2690. (7, 5)
2691. (8, 7)
2692. (6, 8)
2693. (7, 6)
2694. (8, 7)
2695. (6, 8)
2696. (5, 6)
2697. (2, 5)
2698. (8, 3)
2699. (7, 8)
2700. (6, 7)
2701. (8, 6)
2702. (7, 8)
2703. (8, 2)
2704. (6, 8)
2705. (8, 7)
2706. (5, 8)
2707. (8, 6)
2708. (7, 8)
2709. (8, 5)
2710. (6, 8)
2711. (8, 7)
2712. (5, 8)
2713. (8, 6)
2714. (7, 8)
2715. (4, 7)
2716. (8, 5)
2717. (7, 8)
2718. (6, 7)
2719. (8, 6)
2720. (7, 8)
2721. (8, 4)
2722. (6, 8)
2723. (8, 7)
2724. (5, 8)
2725. (8, 6)
2726. (7, 8)
2727. (8, 5)
2728. (6, 8)
2729. (8, 7)
2730. (5, 8)
2731. (8, 6)
2732. (7, 8)
2733. (4, 7)
2734. (8, 4)
2735. (7, 8)
2736. (8, 5)
2737. (6, 8)
2738. (8, 7)
2739. (5, 8)
2740. (8, 6)
2741. (7, 8)
2742. (8, 5)
2743. (6, 8)
2744. (8, 7)
2745. (5, 8)
2746. (4, 6)
2747. (8, 5)
2748. (7, 8)
2749. (6, 7)
2750. (8, 6)
2751. (7, 8)
2752. (6, 7)
2753. (3, 6)
2754. (8, 4)
2755. (7, 8)
2756. (8, 3)
2757. (6, 8)
2758. (8, 7)
2759. (5, 8)
2760. (8, 6)
2761. (7, 8)
2762. (8, 5)
2763. (6, 8)
2764. (8, 7)
2765. (5, 8)
2766. (8, 6)
2767. (7, 8)
2768. (4, 7)
2769. (8, 5)
2770. (7, 8)
2771. (6, 7)
2772. (8, 6)
2773. (7, 8)
2774. (8, 4)
2775. (6, 8)
2776. (8, 7)
2777. (5, 8)
2778. (8, 6)
2779. (7, 8)
2780. (8, 5)
2781. (6, 8)
2782. (8, 7)
2783. (5, 8)
2784. (8, 6)
2785. (7, 8)
2786. (4, 7)
2787. (8, 4)
2788. (7, 8)
2789. (8, 5)
2790. (6, 8)
2791. (8, 7)
2792. (5, 8)
2793. (8, 6)
2794. (7, 8)
2795. (8, 5)
2796. (6, 8)
2797. (8, 7)
2798. (5, 8)
2799. (4, 6)
2800. (8, 5)
2801. (7, 8)
2802. (6, 7)
2803. (8, 6)
2804. (7, 8)
2805. (6, 7)
2806. (3, 6)
2807. (8, 4)
2808. (7, 8)
2809. (6, 7)
2810. (8, 6)
2811. (7, 8)
2812. (6, 7)
2813. (5, 6)
2814. (8, 5)
2815. (7, 8)
2816. (6, 7)
2817. (8, 6)
2818. (7, 8)
2819. (8, 3)
2820. (6, 8)
2821. (8, 7)
2822. (5, 8)
2823. (8, 6)
2824. (7, 8)
2825. (8, 5)
2826. (6, 8)
2827. (8, 7)
2828. (5, 8)
2829. (8, 6)
2830. (7, 8)
2831. (4, 7)
2832. (8, 5)
2833. (7, 8)
2834. (6, 7)
2835. (8, 6)
2836. (7, 8)
2837. (8, 4)
2838. (6, 8)
2839. (8, 7)
2840. (5, 8)
2841. (8, 6)
2842. (7, 8)
2843. (8, 5)
2844. (6, 8)
2845. (8, 7)
2846. (5, 8)
2847. (8, 6)
2848. (7, 8)
2849. (4, 7)
2850. (8, 4)
2851. (7, 8)
2852. (8, 5)
2853. (6, 8)
2854. (8, 7)
2855. (5, 8)
2856. (8, 6)
2857. (7, 8)
2858. (8, 5)
2859. (6, 8)
2860. (8, 7)
2861. (5, 8)
2862. (4, 6)
2863. (8, 5)
2864. (7, 8)
2865. (6, 7)
2866. (8, 6)
2867. (7, 8)
2868. (6, 7)
2869. (3, 6)
2870. (8, 4)
2871. (7, 8)
2872. (6, 7)
2873. (8, 6)
2874. (7, 8)
2875. (6, 7)
2876. (5, 6)
2877. (8, 5)
2878. (7, 8)
2879. (6, 7)
2880. (8, 6)
2881. (7, 8)
2882. (8, 3)
2883. (6, 8)
2884. (8, 7)
2885. (5, 8)
2886. (8, 6)
2887. (7, 8)
2888. (8, 5)
2889. (6, 8)
2890. (8, 7)
2891. (5, 8)
2892. (8, 6)
2893. (7, 8)
2894. (4, 7)
2895. (8, 5)
2896. (7, 8)
2897. (6, 7)
2898. (8, 6)
2899. (7, 8)
2900. (8, 4)
2901. (6, 8)
2902. (8, 7)
2903. (5, 8)
2904. (8, 6)
2905. (7, 8)
2906. (8, 5)
2907. (6, 8)
2908. (8, 7)
2909. (5, 8)
2910. (8, 6)
2911. (7, 8)
2912. (4, 7)
2913. (8, 4)
2914. (7, 8)
2915. (8, 5)
2916. (6, 8)
2917. (8, 7)
2918. (5, 8)
2919. (8, 6)
2920. (7, 8)
2921. (8, 5)
2922. (6, 8)
2923. (8, 7)
2924. (5, 8)
2925. (4, 6)
2926. (8, 5)
2927. (7, 8)
2928. (6, 7)
2929. (8, 6)
2930. (7, 8)
2931. (6, 7)
2932. (3, 6)
2933. (8, 4)
2934. (7, 8)
2935. (6, 7)
2936. (8, 6)
2937. (7, 8)
2938. (6, 7)
2939. (5, 6)
2940. (8, 5)
2941. (7, 8)
2942. (6, 7)
2943. (5, 6)
2944. (8, 5)
2945. (7, 8)
2946. (6, 7)
2947. (8, 6)
2948. (7, 8)
2949. (6, 7)
2950. (5, 6)
2951. (4, 5)
2952. (6, 4)
2953. (8, 6)
2954. (7, 8)
2955. (6, 7)
2956. (8, 6)
2957. (7, 8)
2958. (5, 7)
2959. (8, 5)
2960. (7, 8)
2961. (6, 7)
2962. (8, 6)
2963. (7, 8)
2964. (6, 7)
2965. (5, 6)
2966. (8, 5)
2967. (7, 8)
2968. (6, 7)
2969. (8, 6)
2970. (7, 8)
2971. (6, 7)
2972. (4, 6)
2973. (6, 3)
2974. (8, 6)
2975. (7, 8)
2976. (6, 7)
2977. (8, 6)
2978. (7, 8)
2979. (3, 7)
2980. (5, 4)
2981. (7, 5)
2982. (8, 7)
2983. (6, 8)
2984. (7, 6)
2985. (8, 7)
2986. (6, 8)
2987. (5, 6)
2988. (2, 5)
2989. (8, 3)
2990. (7, 8)
2991. (6, 7)
2992. (8, 6)
2993. (7, 8)
2994. (8, 2)
2995. (6, 8)
2996. (8, 7)
2997. (5, 8)
2998. (8, 6)
2999. (7, 8)
3000. (8, 5)
3001. (6, 8)
3002. (8, 7)
3003. (5, 8)
3004. (8, 6)
3005. (7, 8)
3006. (4, 7)
3007. (8, 5)
3008. (7, 8)
3009. (6, 7)
3010. (8, 6)
3011. (7, 8)
3012. (8, 4)
3013. (6, 8)
3014. (8, 7)
3015. (5, 8)
3016. (8, 6)
3017. (7, 8)
3018. (8, 5)
3019. (6, 8)
3020. (8, 7)
3021. (5, 8)
3022. (8, 6)
3023. (7, 8)
3024. (4, 7)
3025. (8, 4)
3026. (7, 8)
3027. (8, 5)
3028. (6, 8)
3029. (8, 7)
3030. (5, 8)
3031. (8, 6)
3032. (7, 8)
3033. (8, 5)
3034. (6, 8)
3035. (8, 7)
3036. (5, 8)
3037. (4, 6)
3038. (8, 5)
3039. (7, 8)
3040. (6, 7)
3041. (8, 6)
3042. (7, 8)
3043. (6, 7)
3044. (3, 6)
3045. (8, 4)
3046. (7, 8)
3047. (8, 3)
3048. (6, 8)
3049. (8, 7)
3050. (5, 8)
3051. (8, 6)
3052. (7, 8)
3053. (8, 5)
3054. (6, 8)
3055. (8, 7)
3056. (5, 8)
3057. (8, 6)
3058. (7, 8)
3059. (4, 7)
3060. (8, 5)
3061. (7, 8)
3062. (6, 7)
3063. (8, 6)
3064. (7, 8)
3065. (8, 4)
3066. (6, 8)
3067. (8, 7)
3068. (5, 8)
3069. (8, 6)
3070. (7, 8)
3071. (8, 5)
3072. (6, 8)
3073. (8, 7)
3074. (5, 8)
3075. (8, 6)
3076. (7, 8)
3077. (4, 7)
3078. (8, 4)
3079. (7, 8)
3080. (8, 5)
3081. (6, 8)
3082. (8, 7)
3083. (5, 8)
3084. (8, 6)
3085. (7, 8)
3086. (8, 5)
3087. (6, 8)
3088. (8, 7)
3089. (5, 8)
3090. (4, 6)
3091. (8, 5)
3092. (7, 8)
3093. (6, 7)
3094. (8, 6)
3095. (7, 8)
3096. (6, 7)
3097. (3, 6)
3098. (8, 4)
3099. (7, 8)
3100. (6, 7)
3101. (8, 6)
3102. (7, 8)
3103. (6, 7)
3104. (5, 6)
3105. (8, 5)
3106. (7, 8)
3107. (6, 7)
3108. (8, 6)
3109. (7, 8)
3110. (8, 3)
3111. (6, 8)
3112. (8, 7)
3113. (5, 8)
3114. (8, 6)
3115. (7, 8)
3116. (8, 5)
3117. (6, 8)
3118. (8, 7)
3119. (5, 8)
3120. (8, 6)
3121. (7, 8)
3122. (4, 7)
3123. (8, 5)
3124. (7, 8)
3125. (6, 7)
3126. (8, 6)
3127. (7, 8)
3128. (8, 4)
3129. (6, 8)
3130. (8, 7)
3131. (5, 8)
3132. (8, 6)
3133. (7, 8)
3134. (8, 5)
3135. (6, 8)
3136. (8, 7)
3137. (5, 8)
3138. (8, 6)
3139. (7, 8)
3140. (4, 7)
3141. (8, 4)
3142. (7, 8)
3143. (8, 5)
3144. (6, 8)
3145. (8, 7)
3146. (5, 8)
3147. (8, 6)
3148. (7, 8)
3149. (8, 5)
3150. (6, 8)
3151. (8, 7)
3152. (5, 8)
3153. (4, 6)
3154. (8, 5)
3155. (7, 8)
3156. (6, 7)
3157. (8, 6)
3158. (7, 8)
3159. (6, 7)
3160. (3, 6)
3161. (8, 4)
3162. (7, 8)
3163. (6, 7)
3164. (8, 6)
3165. (7, 8)
3166. (6, 7)
3167. (5, 6)
3168. (8, 5)
3169. (7, 8)
3170. (6, 7)
3171. (8, 6)
3172. (7, 8)
3173. (8, 3)
3174. (6, 8)
3175. (8, 7)
3176. (5, 8)
3177. (8, 6)
3178. (7, 8)
3179. (8, 5)
3180. (6, 8)
3181. (8, 7)
3182. (5, 8)
3183. (8, 6)
3184. (7, 8)
3185. (4, 7)
3186. (8, 5)
3187. (7, 8)
3188. (6, 7)
3189. (8, 6)
3190. (7, 8)
3191. (8, 4)
3192. (6, 8)
3193. (8, 7)
3194. (5, 8)
3195. (8, 6)
3196. (7, 8)
3197. (8, 5)
3198. (6, 8)
3199. (8, 7)
3200. (5, 8)
3201. (8, 6)
3202. (7, 8)
3203. (4, 7)
3204. (8, 4)
3205. (7, 8)
3206. (8, 5)
3207. (6, 8)
3208. (8, 7)
3209. (5, 8)
3210. (8, 6)
3211. (7, 8)
3212. (8, 5)
3213. (6, 8)
3214. (8, 7)
3215. (5, 8)
3216. (4, 6)
3217. (8, 5)
3218. (7, 8)
3219. (6, 7)
3220. (8, 6)
3221. (7, 8)
3222. (6, 7)
3223. (3, 6)
3224. (8, 4)
3225. (7, 8)
3226. (6, 7)
3227. (8, 6)
3228. (7, 8)
3229. (6, 7)
3230. (5, 6)
3231. (8, 5)
3232. (7, 8)
3233. (6, 7)
3234. (5, 6)
3235. (8, 5)
3236. (7, 8)
3237. (6, 7)
3238. (8, 6)
3239. (7, 8)
3240. (6, 7)
3241. (5, 6)
3242. (4, 5)
3243. (6, 4)
3244. (8, 6)
3245. (7, 8)
3246. (6, 7)
3247. (8, 6)
3248. (7, 8)
3249. (5, 7)
3250. (8, 5)
3251. (7, 8)
3252. (6, 7)
3253. (8, 6)
3254. (7, 8)
3255. (6, 7)
3256. (5, 6)
3257. (8, 5)
3258. (7, 8)
3259. (6, 7)
3260. (8, 6)
3261. (7, 8)
3262. (6, 7)
3263. (4, 6)
3264. (6, 3)
3265. (8, 6)
3266. (7, 8)
3267. (6, 7)
3268. (8, 6)
3269. (7, 8)
3270. (3, 7)
3271. (5, 4)
3272. (7, 5)
3273. (8, 7)
3274. (6, 8)
3275. (7, 6)
3276. (8, 7)
3277. (6, 8)
3278. (5, 6)
3279. (2, 5)
3280. (8, 3)
3281. (7, 8)
3282. (6, 7)
3283. (8, 6)
3284. (7, 8)
3285. (8, 2)
3286. (6, 8)
3287. (8, 7)
3288. (5, 8)
3289. (8, 6)
3290. (7, 8)
3291. (8, 5)
3292. (6, 8)
3293. (8, 7)
3294. (5, 8)
3295. (8, 6)
3296. (7, 8)
3297. (4, 7)
3298. (8, 5)
3299. (7, 8)
3300. (6, 7)
3301. (8, 6)
3302. (7, 8)
3303. (8, 4)
3304. (6, 8)
3305. (8, 7)
3306. (5, 8)
3307. (8, 6)
3308. (7, 8)
3309. (8, 5)
3310. (6, 8)
3311. (8, 7)
3312. (5, 8)
3313. (8, 6)
3314. (7, 8)
3315. (4, 7)
3316. (8, 4)
3317. (7, 8)
3318. (8, 5)
3319. (6, 8)
3320. (8, 7)
3321. (5, 8)
3322. (8, 6)
3323. (7, 8)
3324. (8, 5)
3325. (6, 8)
3326. (8, 7)
3327. (5, 8)
3328. (4, 6)
3329. (8, 5)
3330. (7, 8)
3331. (6, 7)
3332. (8, 6)
3333. (7, 8)
3334. (6, 7)
3335. (3, 6)
3336. (8, 4)
3337. (7, 8)
3338. (8, 3)
3339. (6, 8)
3340. (8, 7)
3341. (5, 8)
3342. (8, 6)
3343. (7, 8)
3344. (8, 5)
3345. (6, 8)
3346. (8, 7)
3347. (5, 8)
3348. (8, 6)
3349. (7, 8)
3350. (4, 7)
3351. (8, 5)
3352. (7, 8)
3353. (6, 7)
3354. (8, 6)
3355. (7, 8)
3356. (8, 4)
3357. (6, 8)
3358. (8, 7)
3359. (5, 8)
3360. (8, 6)
3361. (7, 8)
3362. (8, 5)
3363. (6, 8)
3364. (8, 7)
3365. (5, 8)
3366. (8, 6)
3367. (7, 8)
3368. (4, 7)
3369. (8, 4)
3370. (7, 8)
3371. (8, 5)
3372. (6, 8)
3373. (8, 7)
3374. (5, 8)
3375. (8, 6)
3376. (7, 8)
3377. (8, 5)
3378. (6, 8)
3379. (8, 7)
3380. (5, 8)
3381. (4, 6)
3382. (8, 5)
3383. (7, 8)
3384. (6, 7)
3385. (8, 6)
3386. (7, 8)
3387. (6, 7)
3388. (3, 6)
3389. (8, 4)
3390. (7, 8)
3391. (6, 7)
3392. (8, 6)
3393. (7, 8)
3394. (6, 7)
3395. (5, 6)
3396. (8, 5)
3397. (7, 8)
3398. (6, 7)
3399. (8, 6)
3400. (7, 8)
3401. (8, 3)
3402. (6, 8)
3403. (8, 7)
3404. (5, 8)
3405. (8, 6)
3406. (7, 8)
3407. (8, 5)
3408. (6, 8)
3409. (8, 7)
3410. (5, 8)
3411. (8, 6)
3412. (7, 8)
3413. (4, 7)
3414. (8, 5)
3415. (7, 8)
3416. (6, 7)
3417. (8, 6)
3418. (7, 8)
3419. (8, 4)
3420. (6, 8)
3421. (8, 7)
3422. (5, 8)
3423. (8, 6)
3424. (7, 8)
3425. (8, 5)
3426. (6, 8)
3427. (8, 7)
3428. (5, 8)
3429. (8, 6)
3430. (7, 8)
3431. (4, 7)
3432. (8, 4)
3433. (7, 8)
3434. (8, 5)
3435. (6, 8)
3436. (8, 7)
3437. (5, 8)
3438. (8, 6)
3439. (7, 8)
3440. (8, 5)
3441. (6, 8)
3442. (8, 7)
3443. (5, 8)
3444. (4, 6)
3445. (8, 5)
3446. (7, 8)
3447. (6, 7)
3448. (8, 6)
3449. (7, 8)
3450. (6, 7)
3451. (3, 6)
3452. (8, 4)
3453. (7, 8)
3454. (6, 7)
3455. (8, 6)
3456. (7, 8)
3457. (6, 7)
3458. (5, 6)
3459. (8, 5)
3460. (7, 8)
3461. (6, 7)
3462. (8, 6)
3463. (7, 8)
3464. (8, 3)
3465. (6, 8)
3466. (8, 7)
3467. (5, 8)
3468. (8, 6)
3469. (7, 8)
3470. (8, 5)
3471. (6, 8)
3472. (8, 7)
3473. (5, 8)
3474. (8, 6)
3475. (7, 8)
3476. (4, 7)
3477. (8, 5)
3478. (7, 8)
3479. (6, 7)
3480. (8, 6)
3481. (7, 8)
3482. (8, 4)
3483. (6, 8)
3484. (8, 7)
3485. (5, 8)
3486. (8, 6)
3487. (7, 8)
3488. (8, 5)
3489. (6, 8)
3490. (8, 7)
3491. (5, 8)
3492. (8, 6)
3493. (7, 8)
3494. (4, 7)
3495. (8, 4)
3496. (7, 8)
3497. (8, 5)
3498. (6, 8)
3499. (8, 7)
3500. (5, 8)
3501. (8, 6)
3502. (7, 8)
3503. (8, 5)
3504. (6, 8)
3505. (8, 7)
3506. (5, 8)
3507. (4, 6)
3508. (8, 5)
3509. (7, 8)
3510. (6, 7)
3511. (8, 6)
3512. (7, 8)
3513. (6, 7)
3514. (3, 6)
3515. (8, 4)
3516. (7, 8)
3517. (6, 7)
3518. (8, 6)
3519. (7, 8)
3520. (6, 7)
3521. (5, 6)
3522. (8, 5)
3523. (7, 8)
3524. (6, 7)
3525. (5, 6)
3526. (8, 5)
3527. (7, 8)
3528. (6, 7)
3529. (8, 6)
3530. (7, 8)
3531. (6, 7)
3532. (5, 6)
3533. (4, 5)
3534. (6, 4)
3535. (8, 6)
3536. (7, 8)
3537. (6, 7)
3538. (8, 6)
3539. (7, 8)
3540. (5, 7)
3541. (8, 5)
3542. (7, 8)
3543. (6, 7)
3544. (8, 6)
3545. (7, 8)
3546. (6, 7)
3547. (5, 6)
3548. (8, 5)
3549. (7, 8)
3550. (6, 7)
3551. (8, 6)
3552. (7, 8)
3553. (6, 7)
3554. (4, 6)
3555. (6, 3)
3556. (8, 6)
3557. (7, 8)
3558. (6, 7)
3559. (8, 6)
3560. (7, 8)
3561. (3, 7)
3562. (5, 4)
3563. (7, 5)
3564. (8, 7)
3565. (6, 8)
3566. (7, 6)
3567. (8, 7)
3568. (6, 8)
3569. (5, 6)
3570. (2, 5)
3571. (8, 3)
3572. (7, 8)
3573. (6, 7)
3574. (8, 6)
3575. (7, 8)
3576. (6, 7)
3577. (5, 6)
3578. (8, 5)
3579. (7, 8)
3580. (6, 7)
3581. (8, 6)
3582. (7, 8)
3583. (6, 7)
3584. (5, 6)
3585. (7, 5)
3586. (8, 7)
3587. (6, 8)
3588. (7, 6)
3589. (8, 7)
3590. (6, 8)
3591. (5, 6)
3592. (4, 5)
3593. (8, 4)
3594. (7, 8)
3595. (6, 7)
3596. (8, 6)
3597. (7, 8)
3598. (6, 7)
3599. (5, 6)
3600. (8, 5)
3601. (7, 8)
3602. (6, 7)
3603. (8, 6)
3604. (7, 8)
3605. (6, 7)
3606. (5, 6)
3607. (7, 5)
3608. (8, 7)
3609. (6, 8)
3610. (7, 6)
3611. (8, 7)
3612. (6, 8)
3613. (5, 6)
3614. (4, 5)
3615. (7, 4)
3616. (8, 7)
3617. (6, 8)
3618. (7, 6)
3619. (8, 7)
3620. (6, 8)
3621. (5, 6)
3622. (8, 5)
3623. (7, 8)
3624. (6, 7)
3625. (8, 6)
3626. (7, 8)
3627. (6, 7)
3628. (5, 6)
3629. (7, 5)
3630. (8, 7)
3631. (6, 8)
3632. (7, 6)
3633. (8, 7)
3634. (6, 8)
3635. (5, 6)
3636. (4, 5)
3637. (7, 2)
3638. (8, 7)
3639. (6, 8)
3640. (7, 6)
3641. (8, 7)
3642. (6, 8)
3643. (5, 6)
3644. (1, 5)
3645. (8, 4)
3646. (7, 8)
3647. (8, 1)
3648. (6, 8)
3649. (8, 7)
3650. (5, 8)
3651. (8, 6)
3652. (7, 8)
3653. (8, 5)
3654. (6, 8)
3655. (8, 7)
3656. (7, 3)
3657. (5, 8)
3658. (8, 7)
3659. (7, 6)
3660. (6, 3)
3661. (4, 8)
3662. (8, 7)
3663. (7, 6)
3664. (6, 5)
3665. (3, 8)
3666. (8, 7)
3667. (7, 6)
3668. (6, 4)
3669. (5, 8)
3670. (8, 7)
3671. (7, 6)
3672. (6, 3)
3673. (4, 8)
3674. (8, 7)
3675. (7, 6)
3676. (6, 5)
3677. (3, 8)
3678. (8, 7)
3679. (7, 6)
3680. (5, 8)
3681. (8, 7)
3682. (6, 8)
3683. (7, 6)
3684. (8, 7)
3685. (6, 8)
3686. (2, 6)
3687. (8, 5)
3688. (7, 8)
3689. (8, 4)
3690. (6, 8)
3691. (8, 7)
3692. (7, 3)
3693. (5, 8)
3694. (8, 7)
3695. (7, 6)
3696. (6, 2)
3697. (4, 8)
3698. (8, 7)
3699. (7, 6)
3700. (6, 5)
3701. (3, 8)
3702. (8, 7)
3703. (7, 6)
3704. (6, 4)
3705. (5, 8)
3706. (8, 7)
3707. (7, 6)
3708. (6, 3)
3709. (4, 8)
3710. (8, 7)
3711. (7, 6)
3712. (6, 5)
3713. (3, 8)
3714. (8, 7)
3715. (7, 6)
3716. (6, 4)
3717. (5, 8)
3718. (8, 7)
3719. (7, 6)
3720. (4, 8)
3721. (8, 7)
3722. (6, 8)
3723. (7, 6)
3724. (8, 7)
3725. (6, 8)
3726. (2, 6)
3727. (8, 5)
3728. (7, 8)
3729. (8, 4)
3730. (6, 8)
3731. (8, 7)
3732. (7, 3)
3733. (5, 8)
3734. (8, 7)
3735. (7, 6)
3736. (6, 2)
3737. (4, 8)
3738. (8, 7)
3739. (7, 6)
3740. (6, 5)
3741. (3, 8)
3742. (8, 7)
3743. (7, 6)
3744. (6, 4)
3745. (5, 8)
3746. (8, 7)
3747. (7, 6)
3748. (6, 3)
3749. (4, 8)
3750. (8, 7)
3751. (7, 6)
3752. (6, 5)
3753. (3, 8)
3754. (8, 7)
3755. (7, 6)
3756. (6, 4)
3757. (5, 8)
3758. (8, 7)
3759. (7, 6)
3760. (4, 8)
3761. (8, 7)
3762. (6, 8)
3763. (7, 6)
3764. (8, 7)
3765. (6, 8)
3766. (2, 6)
3767. (8, 5)
3768. (7, 8)
3769. (8, 4)
3770. (6, 8)
3771. (8, 7)
3772. (7, 3)
3773. (5, 8)
3774. (8, 7)
3775. (7, 6)
3776. (4, 8)
3777. (8, 7)
3778. (7, 5)
3779. (6, 8)
3780. (8, 7)
3781. (7, 4)
3782. (5, 8)
3783. (8, 7)
3784. (7, 6)
3785. (4, 8)
3786. (8, 7)
3787. (7, 5)
3788. (6, 8)
3789. (8, 7)
3790. (5, 8)
3791. (3, 5)
3792. (8, 6)
3793. (7, 8)
3794. (8, 4)
3795. (6, 8)
3796. (8, 7)
3797. (7, 3)
3798. (5, 8)
3799. (8, 7)
3800. (7, 6)
3801. (4, 8)
3802. (8, 7)
3803. (7, 5)
3804. (6, 8)
3805. (8, 7)
3806. (5, 8)
3807. (8, 6)
3808. (7, 8)
3809. (8, 5)
3810. (6, 8)
3811. (8, 7)
3812. (5, 8)
3813. (3, 6)
3814. (8, 4)
3815. (7, 8)
3816. (8, 3)
3817. (6, 8)
3818. (8, 7)
3819. (7, 5)
3820. (4, 8)
3821. (8, 7)
3822. (7, 6)
3823. (5, 8)
3824. (8, 7)
3825. (6, 8)
3826. (8, 5)
3827. (7, 8)
3828. (8, 6)
3829. (5, 8)
3830. (8, 7)
3831. (6, 8)
3832. (3, 6)
3833. (8, 5)
3834. (7, 8)
3835. (8, 4)
3836. (6, 8)
3837. (8, 7)
3838. (5, 8)
3839. (7, 6)
3840. (8, 7)
3841. (6, 8)
3842. (4, 6)
3843. (8, 5)
3844. (7, 8)
3845. (8, 4)
3846. (6, 8)
3847. (8, 7)
3848. (5, 8)
3849. (8, 6)
3850. (7, 8)
3851. (6, 7)
3852. (8, 6)
3853. (7, 8)
3854. (1, 7)
3855. (8, 5)
3856. (7, 8)
3857. (8, 3)
3858. (6, 8)
3859. (8, 7)
3860. (7, 2)
3861. (5, 8)
3862. (8, 7)
3863. (7, 6)
3864. (6, 1)
3865. (4, 8)
3866. (8, 7)
3867. (7, 6)
3868. (6, 5)
3869. (3, 8)
3870. (8, 7)
3871. (7, 6)
3872. (6, 4)
3873. (5, 8)
3874. (8, 7)
3875. (7, 6)
3876. (6, 3)
3877. (4, 8)
3878. (8, 7)
3879. (7, 6)
3880. (6, 5)
3881. (3, 8)
3882. (8, 7)
3883. (7, 6)
3884. (6, 4)
3885. (5, 8)
3886. (8, 7)
3887. (7, 6)
3888. (4, 8)
3889. (8, 7)
3890. (6, 8)
3891. (7, 6)
3892. (8, 7)
3893. (6, 8)
3894. (2, 6)
3895. (8, 5)
3896. (7, 8)
3897. (8, 4)
3898. (6, 8)
3899. (8, 7)
3900. (7, 3)
3901. (5, 8)
3902. (8, 7)
3903. (7, 6)
3904. (6, 2)
3905. (4, 8)
3906. (8, 7)
3907. (7, 6)
3908. (6, 5)
3909. (3, 8)
3910. (8, 7)
3911. (7, 6)
3912. (6, 4)
3913. (5, 8)
3914. (8, 7)
3915. (7, 6)
3916. (6, 3)
3917. (4, 8)
3918. (8, 7)
3919. (7, 6)
3920. (6, 5)
3921. (3, 8)
3922. (8, 7)
3923. (7, 6)
3924. (6, 4)
3925. (5, 8)
3926. (8, 7)
3927. (7, 6)
3928. (4, 8)
3929. (8, 7)
3930. (6, 8)
3931. (7, 6)
3932. (8, 7)
3933. (6, 8)
3934. (2, 6)
3935. (8, 5)
3936. (7, 8)
3937. (8, 4)
3938. (6, 8)
3939. (8, 7)
3940. (7, 3)
3941. (5, 8)
3942. (8, 7)
3943. (7, 6)
3944. (6, 2)
3945. (4, 8)
3946. (8, 7)
3947. (7, 6)
3948. (6, 5)
3949. (3, 8)
3950. (8, 7)
3951. (7, 6)
3952. (6, 4)
3953. (5, 8)
3954. (8, 7)
3955. (7, 6)
3956. (6, 3)
3957. (4, 8)
3958. (8, 7)
3959. (7, 6)
3960. (6, 5)
3961. (3, 8)
3962. (8, 7)
3963. (7, 6)
3964. (6, 4)
3965. (5, 8)
3966. (8, 7)
3967. (7, 6)
3968. (4, 8)
3969. (8, 7)
3970. (6, 8)
3971. (7, 6)
3972. (8, 7)
3973. (6, 8)
3974. (2, 6)
3975. (8, 5)
3976. (7, 8)
3977. (8, 4)
3978. (6, 8)
3979. (8, 7)
3980. (7, 3)
3981. (5, 8)
3982. (8, 7)
3983. (7, 6)
3984. (4, 8)
3985. (8, 7)
3986. (7, 5)
3987. (6, 8)
3988. (8, 7)
3989. (7, 4)
3990. (5, 8)
3991. (8, 7)
3992. (7, 6)
3993. (4, 8)
3994. (8, 7)
3995. (7, 5)
3996. (6, 8)
3997. (8, 7)
3998. (5, 8)
3999. (3, 5)
4000. (8, 6)
4001. (7, 8)
4002. (8, 4)
4003. (6, 8)
4004. (8, 7)
4005. (7, 3)
4006. (5, 8)
4007. (8, 7)
4008. (7, 6)
4009. (4, 8)
4010. (8, 7)
4011. (7, 5)
4012. (6, 8)
4013. (8, 7)
4014. (5, 8)
4015. (8, 6)
4016. (7, 8)
4017. (8, 5)
4018. (6, 8)
4019. (8, 7)
4020. (5, 8)
4021. (3, 6)
4022. (8, 4)
4023. (7, 8)
4024. (8, 3)
4025. (6, 8)
4026. (8, 7)
4027. (7, 5)
4028. (4, 8)
4029. (8, 7)
4030. (7, 6)
4031. (5, 8)
4032. (8, 7)
4033. (6, 8)
4034. (8, 5)
4035. (7, 8)
4036. (8, 6)
4037. (5, 8)
4038. (8, 7)
4039. (6, 8)
4040. (3, 6)
4041. (8, 5)
4042. (7, 8)
4043. (8, 4)
4044. (6, 8)
4045. (8, 7)
4046. (5, 8)
4047. (7, 6)
4048. (8, 7)
4049. (6, 8)
4050. (4, 6)
4051. (8, 5)
4052. (7, 8)
4053. (8, 4)
4054. (6, 8)
4055. (8, 7)
4056. (5, 8)
4057. (8, 6)
4058. (7, 8)
4059. (6, 7)
4060. (8, 6)
4061. (7, 8)
4062. (1, 7)
4063. (8, 5)
4064. (7, 8)
4065. (8, 3)
4066. (6, 8)
4067. (8, 7)
4068. (7, 2)
4069. (5, 8)
4070. (8, 7)
4071. (7, 6)
4072. (6, 1)
4073. (4, 8)
4074. (8, 7)
4075. (7, 6)
4076. (6, 5)
4077. (3, 8)
4078. (8, 7)
4079. (7, 6)
4080. (6, 4)
4081. (5, 8)
4082. (8, 7)
4083. (7, 6)
4084. (6, 3)
4085. (4, 8)
4086. (8, 7)
4087. (7, 6)
4088. (6, 5)
4089. (3, 8)
4090. (8, 7)
4091. (7, 6)
4092. (6, 4)
4093. (5, 8)
4094. (8, 7)
4095. (7, 6)
4096. (4, 8)
4097. (8, 7)
4098. (6, 8)
4099. (7, 6)
4100. (8, 7)
4101. (6, 8)
4102. (2, 6)
4103. (8, 5)
4104. (7, 8)
4105. (8, 4)
4106. (6, 8)
4107. (8, 7)
4108. (7, 3)
4109. (5, 8)
4110. (8, 7)
4111. (7, 6)
4112. (6, 2)
4113. (4, 8)
4114. (8, 7)
4115. (7, 6)
4116. (6, 5)
4117. (3, 8)
4118. (8, 7)
4119. (7, 6)
4120. (6, 4)
4121. (5, 8)
4122. (8, 7)
4123. (7, 6)
4124. (6, 3)
4125. (4, 8)
4126. (8, 7)
4127. (7, 6)
4128. (6, 5)
4129. (3, 8)
4130. (8, 7)
4131. (7, 6)
4132. (6, 4)
4133. (5, 8)
4134. (8, 7)
4135. (7, 6)
4136. (4, 8)
4137. (8, 7)
4138. (6, 8)
4139. (7, 6)
4140. (8, 7)
4141. (6, 8)
4142. (2, 6)
4143. (8, 5)
4144. (7, 8)
4145. (8, 4)
4146. (6, 8)
4147. (8, 7)
4148. (7, 3)
4149. (5, 8)
4150. (8, 7)
4151. (7, 6)
4152. (6, 2)
4153. (4, 8)
4154. (8, 7)
4155. (7, 6)
4156. (6, 5)
4157. (3, 8)
4158. (8, 7)
4159. (7, 6)
4160. (6, 4)
4161. (5, 8)
4162. (8, 7)
4163. (7, 6)
4164. (6, 3)
4165. (4, 8)
4166. (8, 7)
4167. (7, 6)
4168. (6, 5)
4169. (3, 8)
4170. (8, 7)
4171. (7, 6)
4172. (6, 4)
4173. (5, 8)
4174. (8, 7)
4175. (7, 6)
4176. (4, 8)
4177. (8, 7)
4178. (6, 8)
4179. (7, 6)
4180. (8, 7)
4181. (6, 8)
4182. (2, 6)
4183. (8, 5)
4184. (7, 8)
4185. (8, 4)
4186. (6, 8)
4187. (8, 7)
4188. (7, 3)
4189. (5, 8)
4190. (8, 7)
4191. (7, 6)
4192. (4, 8)
4193. (8, 7)
4194. (7, 5)
4195. (6, 8)
4196. (8, 7)
4197. (7, 4)
4198. (5, 8)
4199. (8, 7)
4200. (7, 6)
4201. (4, 8)
4202. (8, 7)
4203. (7, 5)
4204. (6, 8)
4205. (8, 7)
4206. (5, 8)
4207. (3, 5)
4208. (8, 6)
4209. (7, 8)
4210. (8, 4)
4211. (6, 8)
4212. (8, 7)
4213. (7, 3)
4214. (5, 8)
4215. (8, 7)
4216. (7, 6)
4217. (4, 8)
4218. (8, 7)
4219. (7, 5)
4220. (6, 8)
4221. (8, 7)
4222. (5, 8)
4223. (8, 6)
4224. (7, 8)
4225. (8, 5)
4226. (6, 8)
4227. (8, 7)
4228. (5, 8)
4229. (3, 6)
4230. (8, 4)
4231. (7, 8)
4232. (8, 3)
4233. (6, 8)
4234. (8, 7)
4235. (7, 5)
4236. (4, 8)
4237. (8, 7)
4238. (7, 6)
4239. (5, 8)
4240. (8, 7)
4241. (6, 8)
4242. (8, 5)
4243. (7, 8)
4244. (8, 6)
4245. (5, 8)
4246. (8, 7)
4247. (6, 8)
4248. (3, 6)
4249. (8, 5)
4250. (7, 8)
4251. (8, 4)
4252. (6, 8)
4253. (8, 7)
4254. (5, 8)
4255. (7, 6)
4256. (8, 7)
4257. (6, 8)
4258. (4, 6)
4259. (8, 5)
4260. (7, 8)
4261. (8, 4)
4262. (6, 8)
4263. (8, 7)
4264. (5, 8)
4265. (8, 6)
4266. (7, 8)
4267. (6, 7)
4268. (8, 6)
4269. (7, 8)
4270. (1, 7)
4271. (8, 5)
4272. (7, 8)
4273. (8, 3)
4274. (6, 8)
4275. (8, 7)
4276. (7, 2)
4277. (5, 8)
4278. (8, 7)
4279. (7, 6)
4280. (6, 1)
4281. (4, 8)
4282. (8, 7)
4283. (7, 6)
4284. (6, 5)
4285. (3, 8)
4286. (8, 7)
4287. (7, 6)
4288. (6, 4)
4289. (5, 8)
4290. (8, 7)
4291. (7, 6)
4292. (6, 3)
4293. (4, 8)
4294. (8, 7)
4295. (7, 6)
4296. (6, 5)
4297. (3, 8)
4298. (8, 7)
4299. (7, 6)
4300. (6, 4)
4301. (5, 8)
4302. (8, 7)
4303. (7, 6)
4304. (4, 8)
4305. (8, 7)
4306. (6, 8)
4307. (7, 6)
4308. (8, 7)
4309. (6, 8)
4310. (2, 6)
4311. (8, 5)
4312. (7, 8)
4313. (8, 4)
4314. (6, 8)
4315. (8, 7)
4316. (7, 3)
4317. (5, 8)
4318. (8, 7)
4319. (7, 6)
4320. (6, 2)
4321. (4, 8)
4322. (8, 7)
4323. (7, 6)
4324. (6, 5)
4325. (3, 8)
4326. (8, 7)
4327. (7, 6)
4328. (6, 4)
4329. (5, 8)
4330. (8, 7)
4331. (7, 6)
4332. (6, 3)
4333. (4, 8)
4334. (8, 7)
4335. (7, 6)
4336. (6, 5)
4337. (3, 8)
4338. (8, 7)
4339. (7, 6)
4340. (6, 4)
4341. (5, 8)
4342. (8, 7)
4343. (7, 6)
4344. (4, 8)
4345. (8, 7)
4346. (6, 8)
4347. (7, 6)
4348. (8, 7)
4349. (6, 8)
4350. (2, 6)
4351. (8, 5)
4352. (7, 8)
4353. (8, 4)
4354. (6, 8)
4355. (8, 7)
4356. (7, 3)
4357. (5, 8)
4358. (8, 7)
4359. (7, 6)
4360. (6, 2)
4361. (4, 8)
4362. (8, 7)
4363. (7, 6)
4364. (6, 5)
4365. (3, 8)
4366. (8, 7)
4367. (7, 6)
4368. (6, 4)
4369. (5, 8)
4370. (8, 7)
4371. (7, 6)
4372. (6, 3)
4373. (4, 8)
4374. (8, 7)
4375. (7, 6)
4376. (6, 5)
4377. (3, 8)
4378. (8, 7)
4379. (7, 6)
4380. (6, 4)
4381. (5, 8)
4382. (8, 7)
4383. (7, 6)
4384. (4, 8)
4385. (8, 7)
4386. (6, 8)
4387. (7, 6)
4388. (8, 7)
4389. (6, 8)
4390. (2, 6)
4391. (8, 5)
4392. (7, 8)
4393. (8, 4)
4394. (6, 8)
4395. (8, 7)
4396. (7, 3)
4397. (5, 8)
4398. (8, 7)
4399. (7, 6)
4400. (4, 8)
4401. (8, 7)
4402. (7, 5)
4403. (6, 8)
4404. (8, 7)
4405. (7, 4)
4406. (5, 8)
4407. (8, 7)
4408. (7, 6)
4409. (4, 8)
4410. (8, 7)
4411. (7, 5)
4412. (6, 8)
4413. (8, 7)
4414. (5, 8)
4415. (3, 5)
4416. (8, 6)
4417. (7, 8)
4418. (8, 4)
4419. (6, 8)
4420. (8, 7)
4421. (7, 3)
4422. (5, 8)
4423. (8, 7)
4424. (7, 6)
4425. (4, 8)
4426. (8, 7)
4427. (7, 5)
4428. (6, 8)
4429. (8, 7)
4430. (5, 8)
4431. (8, 6)
4432. (7, 8)
4433. (8, 5)
4434. (6, 8)
4435. (8, 7)
4436. (5, 8)
4437. (3, 6)
4438. (8, 4)
4439. (7, 8)
4440. (8, 3)
4441. (6, 8)
4442. (8, 7)
4443. (7, 5)
4444. (4, 8)
4445. (8, 7)
4446. (7, 6)
4447. (5, 8)
4448. (8, 7)
4449. (6, 8)
4450. (8, 5)
4451. (7, 8)
4452. (8, 6)
4453. (5, 8)
4454. (8, 7)
4455. (6, 8)
4456. (3, 6)
4457. (8, 5)
4458. (7, 8)
4459. (8, 4)
4460. (6, 8)
4461. (8, 7)
4462. (5, 8)
4463. (7, 6)
4464. (8, 7)
4465. (6, 8)
4466. (4, 6)
4467. (8, 5)
4468. (7, 8)
4469. (8, 4)
4470. (6, 8)
4471. (8, 7)
4472. (5, 8)
4473. (8, 6)
4474. (7, 8)
4475. (6, 7)
4476. (8, 6)
4477. (7, 8)
4478. (1, 7)
4479. (8, 5)
4480. (7, 8)
4481. (8, 3)
4482. (6, 8)
4483. (8, 7)
4484. (7, 2)
4485. (5, 8)
4486. (8, 7)
4487. (7, 6)
4488. (4, 8)
4489. (8, 7)
4490. (7, 5)
4491. (6, 8)
4492. (8, 7)
4493. (7, 4)
4494. (5, 8)
4495. (8, 7)
4496. (7, 6)
4497. (4, 8)
4498. (8, 7)
4499. (7, 5)
4500. (6, 8)
4501. (8, 7)
4502. (5, 8)
4503. (3, 6)
4504. (8, 5)
4505. (7, 8)
4506. (8, 4)
4507. (6, 8)
4508. (8, 7)
4509. (5, 8)
4510. (8, 6)
4511. (7, 8)
4512. (8, 5)
4513. (6, 8)
4514. (8, 7)
4515. (7, 3)
4516. (5, 8)
4517. (8, 7)
4518. (7, 6)
4519. (4, 8)
4520. (8, 7)
4521. (7, 5)
4522. (6, 8)
4523. (8, 7)
4524. (7, 4)
4525. (5, 8)
4526. (8, 7)
4527. (7, 6)
4528. (4, 8)
4529. (8, 7)
4530. (7, 5)
4531. (6, 8)
4532. (8, 7)
4533. (5, 8)
4534. (3, 6)
4535. (8, 5)
4536. (7, 8)
4537. (8, 3)
4538. (6, 8)
4539. (8, 7)
4540. (7, 4)
4541. (5, 8)
4542. (8, 7)
4543. (7, 6)
4544. (4, 8)
4545. (8, 7)
4546. (7, 5)
4547. (6, 8)
4548. (8, 7)
4549. (7, 4)
4550. (5, 8)
4551. (8, 7)
4552. (7, 6)
4553. (4, 8)
4554. (8, 7)
4555. (6, 8)
4556. (3, 6)
4557. (8, 5)
4558. (7, 8)
4559. (8, 4)
4560. (6, 8)
4561. (8, 7)
4562. (5, 8)
4563. (8, 6)
4564. (7, 8)
4565. (8, 5)
4566. (6, 8)
4567. (8, 7)
4568. (5, 8)
4569. (8, 6)
4570. (7, 8)
4571. (4, 5)
4572. (8, 7)
4573. (7, 4)
4574. (6, 8)
4575. (8, 7)
4576. (5, 8)
4577. (8, 6)
4578. (7, 8)
4579. (8, 5)
4580. (6, 8)
4581. (8, 7)
4582. (5, 8)
4583. (8, 6)
4584. (7, 8)
4585. (4, 7)
4586. (6, 5)
4587. (8, 6)
4588. (7, 8)
4589. (6, 7)
4590. (8, 6)
4591. (7, 8)
4592. (2, 7)
4593. (8, 4)
4594. (7, 8)
4595. (8, 3)
4596. (6, 8)
4597. (8, 7)
4598. (7, 2)
4599. (5, 8)
4600. (8, 7)
4601. (7, 6)
4602. (4, 8)
4603. (8, 7)
4604. (7, 5)
4605. (6, 8)
4606. (8, 7)
4607. (7, 4)
4608. (5, 8)
4609. (8, 7)
4610. (7, 6)
4611. (4, 8)
4612. (8, 7)
4613. (7, 5)
4614. (6, 8)
4615. (8, 7)
4616. (5, 8)
4617. (3, 6)
4618. (8, 5)
4619. (7, 8)
4620. (8, 4)
4621. (6, 8)
4622. (8, 7)
4623. (5, 8)
4624. (8, 6)
4625. (7, 8)
4626. (8, 5)
4627. (6, 8)
4628. (8, 7)
4629. (5, 8)
4630. (8, 6)
4631. (7, 8)
4632. (4, 5)
4633. (8, 7)
4634. (7, 4)
4635. (6, 8)
4636. (8, 7)
4637. (5, 8)
4638. (8, 6)
4639. (7, 8)
4640. (8, 5)
4641. (6, 8)
4642. (8, 7)
4643. (7, 3)
4644. (5, 8)
4645. (8, 7)
4646. (7, 6)
4647. (4, 8)
4648. (8, 7)
4649. (7, 5)
4650. (6, 8)
4651. (8, 7)
4652. (7, 4)
4653. (5, 8)
4654. (8, 7)
4655. (7, 6)
4656. (4, 8)
4657. (8, 7)
4658. (7, 5)
4659. (6, 8)
4660. (8, 7)
4661. (5, 8)
4662. (3, 6)
4663. (8, 5)
4664. (7, 8)
4665. (8, 3)
4666. (6, 8)
4667. (8, 7)
4668. (5, 8)
4669. (8, 6)
4670. (7, 8)
4671. (8, 5)
4672. (6, 8)
4673. (8, 7)
4674. (7, 4)
4675. (5, 8)
4676. (8, 7)
4677. (7, 6)
4678. (4, 8)
4679. (8, 7)
4680. (6, 8)
4681. (3, 6)
4682. (8, 5)
4683. (7, 8)
4684. (8, 4)
4685. (6, 8)
4686. (8, 7)
4687. (5, 8)
4688. (8, 6)
4689. (7, 8)
4690. (8, 5)
4691. (6, 8)
4692. (8, 7)
4693. (5, 8)
4694. (8, 6)
4695. (7, 8)
4696. (4, 5)
4697. (8, 7)
4698. (6, 8)
4699. (2, 6)
4700. (8, 4)
4701. (7, 8)
4702. (8, 3)
4703. (6, 8)
4704. (8, 7)
4705. (5, 8)
4706. (8, 6)
4707. (7, 8)
4708. (6, 7)
4709. (8, 6)
4710. (7, 8)
4711. (4, 7)
4712. (8, 5)
4713. (7, 8)
4714. (8, 2)
4715. (6, 8)
4716. (8, 7)
4717. (7, 4)
4718. (5, 8)
4719. (8, 7)
4720. (7, 6)
4721. (4, 8)
4722. (8, 7)
4723. (7, 5)
4724. (6, 8)
4725. (8, 7)
4726. (7, 4)
4727. (5, 8)
4728. (8, 7)
4729. (7, 6)
4730. (4, 8)
4731. (8, 7)
4732. (6, 8)
4733. (3, 6)
4734. (8, 5)
4735. (7, 8)
4736. (8, 4)
4737. (6, 8)
4738. (8, 7)
4739. (5, 8)
4740. (8, 6)
4741. (7, 8)
4742. (8, 5)
4743. (6, 8)
4744. (8, 7)
4745. (7, 3)
4746. (5, 8)
4747. (8, 7)
4748. (7, 6)
4749. (4, 8)
4750. (8, 7)
4751. (7, 5)
4752. (6, 8)
4753. (8, 7)
4754. (7, 4)
4755. (5, 8)
4756. (8, 7)
4757. (7, 6)
4758. (4, 8)
4759. (8, 7)
4760. (7, 5)
4761. (6, 8)
4762. (8, 7)
4763. (5, 8)
4764. (3, 6)
4765. (8, 5)
4766. (7, 8)
4767. (8, 3)
4768. (6, 8)
4769. (8, 7)
4770. (5, 8)
4771. (8, 6)
4772. (7, 8)
4773. (8, 5)
4774. (6, 8)
4775. (8, 7)
4776. (7, 4)
4777. (5, 8)
4778. (8, 7)
4779. (7, 6)
4780. (4, 8)
4781. (8, 7)
4782. (6, 8)
4783. (3, 6)
4784. (8, 5)
4785. (7, 8)
4786. (8, 4)
4787. (6, 8)
4788. (8, 7)
4789. (5, 8)
4790. (8, 6)
4791. (7, 8)
4792. (8, 5)
4793. (6, 8)
4794. (8, 7)
4795. (5, 8)
4796. (8, 6)
4797. (7, 8)
4798. (4, 5)
4799. (8, 7)
4800. (7, 4)
4801. (6, 8)
4802. (8, 7)
4803. (5, 8)
4804. (8, 6)
4805. (7, 8)
4806. (8, 5)
4807. (6, 8)
4808. (8, 7)
4809. (5, 8)
4810. (8, 6)
4811. (7, 8)
4812. (4, 7)
4813. (6, 5)
4814. (8, 6)
4815. (7, 8)
4816. (6, 7)
4817. (8, 6)
4818. (7, 8)
4819. (2, 7)
4820. (8, 2)
4821. (7, 8)
4822. (8, 4)
4823. (6, 8)
4824. (8, 7)
4825. (7, 3)
4826. (5, 8)
4827. (8, 7)
4828. (7, 6)
4829. (4, 8)
4830. (8, 7)
4831. (7, 5)
4832. (6, 8)
4833. (8, 7)
4834. (5, 8)
4835. (8, 6)
4836. (7, 8)
4837. (8, 5)
4838. (6, 8)
4839. (8, 7)
4840. (5, 8)
4841. (3, 6)
4842. (8, 4)
4843. (7, 8)
4844. (8, 5)
4845. (6, 8)
4846. (8, 7)
4847. (5, 8)
4848. (8, 6)
4849. (7, 8)
4850. (8, 5)
4851. (6, 8)
4852. (8, 7)
4853. (7, 3)
4854. (5, 8)
4855. (8, 7)
4856. (7, 6)
4857. (4, 8)
4858. (8, 7)
4859. (7, 5)
4860. (6, 8)
4861. (8, 7)
4862. (7, 4)
4863. (5, 8)
4864. (8, 7)
4865. (7, 6)
4866. (4, 8)
4867. (8, 7)
4868. (7, 5)
4869. (6, 8)
4870. (8, 7)
4871. (5, 8)
4872. (3, 6)
4873. (8, 5)
4874. (7, 8)
4875. (8, 3)
4876. (6, 8)
4877. (8, 7)
4878. (7, 4)
4879. (5, 8)
4880. (8, 7)
4881. (7, 6)
4882. (4, 8)
4883. (8, 7)
4884. (7, 5)
4885. (6, 8)
4886. (8, 7)
4887. (7, 4)
4888. (5, 8)
4889. (8, 7)
4890. (7, 6)
4891. (4, 8)
4892. (8, 7)
4893. (6, 8)
4894. (3, 6)
4895. (8, 5)
4896. (7, 8)
4897. (8, 4)
4898. (6, 8)
4899. (8, 7)
4900. (5, 8)
4901. (8, 6)
4902. (7, 8)
4903. (8, 5)
4904. (6, 8)
4905. (8, 7)
4906. (5, 8)
4907. (8, 6)
4908. (7, 8)
4909. (4, 5)
4910. (8, 7)
4911. (7, 4)
4912. (6, 8)
4913. (8, 7)
4914. (5, 8)
4915. (8, 6)
4916. (7, 8)
4917. (6, 7)
4918. (8, 6)
4919. (7, 8)
4920. (4, 7)
4921. (6, 5)
4922. (7, 6)
4923. (8, 7)
4924. (6, 8)
4925. (2, 6)
4926. (8, 4)
4927. (7, 8)
4928. (8, 3)
4929. (6, 8)
4930. (8, 7)
4931. (5, 8)
4932. (8, 6)
4933. (7, 8)
4934. (8, 5)
4935. (6, 8)
4936. (8, 7)
4937. (5, 8)
4938. (8, 6)
4939. (7, 8)
4940. (4, 7)
4941. (8, 5)
4942. (7, 8)
4943. (6, 7)
4944. (8, 6)
4945. (7, 8)
4946. (8, 4)
4947. (6, 8)
4948. (8, 7)
4949. (5, 8)
4950. (8, 6)
4951. (7, 8)
4952. (8, 5)
4953. (6, 8)
4954. (8, 7)
4955. (5, 8)
4956. (8, 6)
4957. (7, 8)
4958. (4, 7)
4959. (8, 4)
4960. (7, 8)
4961. (8, 5)
4962. (6, 8)
4963. (8, 7)
4964. (5, 8)
4965. (8, 6)
4966. (7, 8)
4967. (6, 7)
4968. (4, 6)
4969. (8, 5)
4970. (7, 8)
4971. (6, 7)
4972. (8, 6)
4973. (7, 8)
4974. (6, 7)
4975. (5, 2)
4976. (3, 6)
4977. (6, 5)
4978. (2, 6)
4979. (8, 4)
4980. (7, 8)
4981. (8, 3)
4982. (6, 8)
4983. (8, 7)
4984. (5, 8)
4985. (8, 6)
4986. (7, 8)
4987. (8, 5)
4988. (6, 8)
4989. (8, 7)
4990. (5, 8)
4991. (8, 6)
4992. (7, 8)
4993. (4, 7)
4994. (8, 5)
4995. (7, 8)
4996. (6, 7)
4997. (8, 6)
4998. (7, 8)
4999. (6, 7)
5000. (5, 6)
5001. (8, 5)
5002. (7, 8)
5003. (6, 7)
5004. (8, 6)
5005. (7, 8)
5006. (8, 4)
5007. (6, 8)
5008. (8, 7)
5009. (5, 8)
5010. (8, 6)
5011. (7, 8)
5012. (8, 5)
5013. (6, 8)
5014. (8, 7)
5015. (5, 8)
5016. (8, 6)
5017. (7, 8)
5018. (4, 7)
5019. (6, 5)
5020. (8, 6)
5021. (7, 8)
5022. (6, 7)
5023. (5, 6)
5024. (3, 5)
5025. (8, 4)
5026. (7, 8)
5027. (8, 3)
5028. (6, 8)
5029. (8, 7)
5030. (5, 8)
5031. (8, 6)
5032. (7, 8)
5033. (8, 5)
5034. (6, 8)
5035. (8, 7)
5036. (5, 8)
5037. (8, 6)
5038. (7, 8)
5039. (4, 7)
5040. (8, 5)
5041. (7, 8)
5042. (6, 7)
5043. (8, 6)
5044. (7, 8)
5045. (8, 4)
5046. (6, 8)
5047. (8, 7)
5048. (5, 8)
5049. (8, 6)
5050. (7, 8)
5051. (8, 5)
5052. (6, 8)
5053. (8, 7)
5054. (5, 8)
5055. (8, 6)
5056. (7, 8)
5057. (4, 7)
5058. (8, 4)
5059. (7, 8)
5060. (6, 7)
5061. (8, 6)
5062. (7, 8)
5063. (8, 5)
5064. (6, 8)
5065. (8, 7)
5066. (5, 8)
5067. (4, 6)
5068. (8, 5)
5069. (7, 8)
5070. (6, 7)
5071. (8, 6)
5072. (7, 8)
5073. (6, 7)
5074. (3, 6)
5075. (8, 4)
5076. (7, 8)
5077. (8, 3)
5078. (6, 8)
5079. (8, 7)
5080. (5, 8)
5081. (8, 6)
5082. (7, 8)
5083. (6, 7)
5084. (8, 6)
5085. (7, 8)
5086. (4, 7)
5087. (8, 5)
5088. (7, 8)
5089. (6, 7)
5090. (8, 6)
5091. (7, 8)
5092. (8, 4)
5093. (6, 8)
5094. (8, 7)
5095. (5, 8)
5096. (8, 6)
5097. (7, 8)
5098. (8, 5)
5099. (6, 8)
5100. (8, 7)
5101. (5, 8)
5102. (8, 6)
5103. (7, 8)
5104. (4, 7)
5105. (8, 4)
5106. (7, 8)
5107. (8, 5)
5108. (6, 8)
5109. (8, 7)
5110. (5, 8)
5111. (8, 6)
5112. (7, 8)
5113. (6, 7)
5114. (4, 6)
5115. (8, 5)
5116. (7, 8)
5117. (6, 7)
5118. (8, 6)
5119. (7, 8)
5120. (6, 7)
5121. (5, 2)
5122. (3, 4)
5123. (2, 6)
5124. (8, 5)
5125. (7, 8)
5126. (6, 7)
5127. (5, 6)
5128. (8, 5)
5129. (7, 8)
5130. (6, 7)
5131. (5, 6)
5132. (8, 5)
5133. (7, 8)
5134. (6, 7)
5135. (8, 6)
5136. (7, 8)
5137. (6, 7)
5138. (4, 6)
5139. (8, 4)
5140. (7, 8)
5141. (6, 7)
5142. (8, 6)
5143. (7, 8)
5144. (6, 7)
5145. (5, 6)
5146. (8, 2)
5147. (7, 8)
5148. (2, 7)
5149. (8, 5)
5150. (7, 8)
5151. (6, 7)
5152. (5, 6)
5153. (6, 2)
5154. (8, 6)
5155. (7, 8)
5156. (4, 7)
5157. (6, 5)
5158. (5, 3)
5159. (0, 6)
5160. (8, 5)
5161. (7, 8)
5162. (8, 4)
5163. (6, 8)
5164. (8, 7)
5165. (7, 3)
5166. (5, 8)
5167. (8, 7)
5168. (7, 6)
5169. (6, 3)
5170. (4, 8)
5171. (8, 7)
5172. (7, 6)
5173. (6, 5)
5174. (5, 1)
5175. (3, 8)
5176. (8, 7)
5177. (7, 6)
5178. (6, 5)
5179. (5, 4)
5180. (2, 8)
5181. (8, 7)
5182. (7, 6)
5183. (6, 5)
5184. (5, 3)
5185. (4, 8)
5186. (8, 7)
5187. (7, 6)
5188. (6, 5)
5189. (5, 2)
5190. (3, 8)
5191. (8, 7)
5192. (7, 6)
5193. (6, 5)
5194. (5, 4)
5195. (2, 8)
5196. (8, 7)
5197. (7, 6)
5198. (6, 5)
5199. (5, 3)
5200. (4, 8)
5201. (8, 7)
5202. (7, 6)
5203. (6, 5)
5204. (3, 8)
5205. (8, 7)
5206. (7, 6)
5207. (5, 8)
5208. (8, 7)
5209. (6, 8)
5210. (8, 5)
5211. (7, 8)
5212. (8, 6)
5213. (5, 8)
5214. (8, 7)
5215. (6, 8)
5216. (1, 6)
5217. (8, 5)
5218. (7, 8)
5219. (8, 4)
5220. (6, 8)
5221. (8, 7)
5222. (7, 3)
5223. (5, 8)
5224. (8, 7)
5225. (7, 6)
5226. (6, 2)
5227. (4, 8)
5228. (8, 7)
5229. (7, 6)
5230. (6, 5)
5231. (5, 1)
5232. (3, 8)
5233. (8, 7)
5234. (7, 6)
5235. (6, 5)
5236. (5, 4)
5237. (2, 8)
5238. (8, 7)
5239. (7, 6)
5240. (6, 5)
5241. (5, 3)
5242. (4, 8)
5243. (8, 7)
5244. (7, 6)
5245. (6, 5)
5246. (5, 2)
5247. (3, 8)
5248. (8, 7)
5249. (7, 6)
5250. (6, 5)
5251. (5, 4)
5252. (2, 8)
5253. (8, 7)
5254. (7, 6)
5255. (6, 5)
5256. (5, 3)
5257. (4, 8)
5258. (8, 7)
5259. (7, 6)
5260. (6, 5)
5261. (3, 8)
5262. (8, 7)
5263. (7, 6)
5264. (5, 8)
5265. (8, 7)
5266. (6, 8)
5267. (8, 5)
5268. (7, 8)
5269. (8, 6)
5270. (5, 8)
5271. (8, 7)
5272. (6, 8)
5273. (1, 6)
5274. (8, 5)
5275. (7, 8)
5276. (8, 4)
5277. (6, 8)
5278. (8, 7)
5279. (7, 3)
5280. (5, 8)
5281. (8, 7)
5282. (7, 6)
5283. (6, 1)
5284. (4, 8)
5285. (8, 7)
5286. (7, 6)
5287. (6, 5)
5288. (5, 2)
5289. (3, 8)
5290. (8, 7)
5291. (7, 6)
5292. (6, 5)
5293. (5, 4)
5294. (2, 8)
5295. (8, 7)
5296. (7, 6)
5297. (6, 5)
5298. (5, 3)
5299. (4, 8)
5300. (8, 7)
5301. (7, 6)
5302. (6, 5)
5303. (5, 2)
5304. (3, 8)
5305. (8, 7)
5306. (7, 6)
5307. (6, 5)
5308. (5, 4)
5309. (2, 8)
5310. (8, 7)
5311. (7, 6)
5312. (6, 5)
5313. (4, 8)
5314. (8, 7)
5315. (7, 6)
5316. (5, 8)
5317. (8, 7)
5318. (6, 8)
5319. (8, 5)
5320. (7, 8)
5321. (8, 6)
5322. (5, 8)
5323. (8, 7)
5324. (6, 8)
5325. (1, 6)
5326. (8, 5)
5327. (7, 8)
5328. (8, 4)
5329. (6, 8)
5330. (8, 7)
5331. (7, 3)
5332. (5, 8)
5333. (8, 7)
5334. (7, 6)
5335. (6, 2)
5336. (4, 8)
5337. (8, 7)
5338. (7, 6)
5339. (6, 5)
5340. (3, 8)
5341. (8, 7)
5342. (7, 6)
5343. (6, 4)
5344. (5, 8)
5345. (8, 7)
5346. (7, 6)
5347. (6, 3)
5348. (4, 8)
5349. (8, 7)
5350. (7, 6)
5351. (6, 5)
5352. (3, 8)
5353. (8, 7)
5354. (7, 6)
5355. (6, 4)
5356. (5, 8)
5357. (8, 7)
5358. (7, 6)
5359. (4, 8)
5360. (8, 7)
5361. (6, 8)
5362. (7, 6)
5363. (8, 7)
5364. (6, 8)
5365. (2, 6)
5366. (8, 5)
5367. (7, 8)
5368. (8, 4)
5369. (6, 8)
5370. (8, 7)
5371. (7, 3)
5372. (5, 8)
5373. (8, 7)
5374. (7, 6)
5375. (6, 2)
5376. (4, 8)
5377. (8, 7)
5378. (7, 6)
5379. (6, 5)
5380. (3, 8)
5381. (8, 7)
5382. (7, 6)
5383. (6, 4)
5384. (5, 8)
5385. (8, 7)
5386. (7, 6)
5387. (6, 3)
5388. (4, 8)
5389. (8, 7)
5390. (7, 6)
5391. (6, 5)
5392. (3, 8)
5393. (8, 7)
5394. (7, 6)
5395. (6, 4)
5396. (5, 8)
5397. (8, 7)
5398. (7, 6)
5399. (4, 8)
5400. (8, 7)
5401. (6, 8)
5402. (7, 6)
5403. (8, 7)
5404. (6, 8)
5405. (2, 5)
5406. (8, 6)
5407. (7, 8)
5408. (8, 4)
5409. (6, 8)
5410. (8, 7)
5411. (7, 3)
5412. (5, 8)
5413. (8, 7)
5414. (7, 6)
5415. (4, 8)
5416. (8, 7)
5417. (7, 5)
5418. (6, 8)
5419. (8, 7)
5420. (5, 8)
5421. (8, 6)
5422. (7, 8)
5423. (8, 5)
5424. (6, 8)
5425. (8, 7)
5426. (5, 8)
5427. (3, 6)
5428. (8, 4)
5429. (7, 8)
5430. (6, 7)
5431. (8, 6)
5432. (7, 8)
5433. (6, 7)
5434. (4, 3)
5435. (8, 6)
5436. (7, 8)
5437. (8, 5)
5438. (6, 8)
5439. (8, 7)
5440. (7, 4)
5441. (5, 8)
5442. (8, 7)
5443. (7, 6)
5444. (4, 8)
5445. (8, 7)
5446. (7, 5)
5447. (6, 8)
5448. (8, 7)
5449. (3, 8)
5450. (7, 3)
5451. (8, 7)
5452. (7, 6)
5453. (5, 8)
5454. (8, 7)
5455. (6, 8)
5456. (8, 5)
5457. (7, 8)
5458. (8, 6)
5459. (5, 8)
5460. (8, 7)
5461. (6, 8)
5462. (3, 5)
5463. (8, 4)
5464. (7, 8)
5465. (8, 6)
5466. (5, 8)
5467. (8, 7)
5468. (6, 8)
5469. (7, 6)
5470. (8, 7)
5471. (6, 8)
5472. (4, 5)
5473. (5, 2)
5474. (8, 6)
5475. (7, 8)
5476. (8, 5)
5477. (6, 8)
5478. (8, 7)
5479. (7, 4)
5480. (5, 8)
5481. (8, 7)
5482. (7, 6)
5483. (4, 8)
5484. (8, 7)
5485. (7, 5)
5486. (6, 8)
5487. (8, 7)
5488. (0, 8)
5489. (8, 6)
5490. (7, 8)
5491. (8, 4)
5492. (6, 8)
5493. (8, 7)
5494. (7, 5)
5495. (4, 8)
5496. (8, 7)
5497. (7, 6)
5498. (6, 5)
5499. (5, 3)
5500. (3, 1)
5501. (2, 8)
5502. (8, 7)
5503. (7, 6)
5504. (6, 5)
5505. (5, 4)
5506. (4, 3)
5507. (1, 8)
5508. (8, 7)
5509. (7, 6)
5510. (6, 5)
5511. (5, 4)
5512. (4, 2)
5513. (3, 8)
5514. (8, 7)
5515. (7, 6)
5516. (6, 5)
5517. (5, 4)
5518. (4, 1)
5519. (2, 8)
5520. (8, 7)
5521. (7, 6)
5522. (6, 5)
5523. (5, 4)
5524. (4, 3)
5525. (1, 8)
5526. (8, 7)
5527. (7, 6)
5528. (6, 5)
5529. (5, 4)
5530. (3, 8)
5531. (8, 7)
5532. (7, 6)
5533. (6, 5)
5534. (4, 8)
5535. (8, 7)
5536. (7, 6)
5537. (5, 8)
5538. (8, 7)
5539. (7, 4)
5540. (6, 8)
5541. (8, 7)
5542. (7, 5)
5543. (4, 8)
5544. (8, 7)
5545. (7, 6)
5546. (5, 8)
5547. (8, 7)
5548. (6, 8)
5549. (0, 8)
5550. (7, 8)
5551. (8, 6)
5552. (6, 5)
5553. (5, 4)
5554. (4, 3)
5555. (3, 2)
5556. (2, 1)
5557. (1, 0)
5558. None