Algorithm: DFS
Difficulty: Init3             
Colors: 5
Branches: 7
Time Taken: 0.046754s
States Explored: 242
Max Depth: 241
Solution Steps:
1. (6, 1)
2. (6, 5)
3. (5, 6)
4. (5, 4)
5. (6, 5)
6. (4, 6)
7. (3, 2)
8. (3, 0)
9. (6, 3)
10. (5, 6)
11. (4, 5)
12. (1, 5)
13. (4, 1)
14. (6, 4)
15. (5, 6)
16. (4, 5)
17. (6, 4)
18. (5, 6)
19. (3, 5)
20. (6, 3)
21. (5, 6)
22. (4, 5)
23. (6, 4)
24. (5, 6)
25. (4, 5)
26. (3, 4)
27. (6, 3)
28. (5, 6)
29. (4, 5)
30. (6, 4)
31. (5, 6)
32. (4, 5)
33. (2, 4)
34. (6, 2)
35. (5, 6)
36. (6, 2)
37. (4, 6)
38. (6, 5)
39. (3, 6)
40. (6, 4)
41. (5, 6)
42. (6, 3)
43. (4, 6)
44. (6, 5)
45. (3, 6)
46. (6, 4)
47. (5, 6)
48. (2, 5)
49. (6, 2)
50. (5, 6)
51. (6, 3)
52. (4, 6)
53. (6, 5)
54. (3, 6)
55. (6, 4)
56. (5, 6)
57. (6, 3)
58. (4, 6)
59. (6, 5)
60. (3, 6)
61. (2, 4)
62. (6, 3)
63. (5, 6)
64. (4, 5)
65. (6, 4)
66. (5, 6)
67. (4, 5)
68. (3, 2)
69. (6, 4)
70. (5, 6)
71. (6, 3)
72. (4, 6)
73. (6, 5)
74. (3, 6)
75. (6, 4)
76. (5, 6)
77. (6, 3)
78. (4, 6)
79. (6, 5)
80. (2, 6)
81. (5, 4)
82. (6, 5)
83. (4, 6)
84. (3, 4)
85. (6, 3)
86. (5, 6)
87. (4, 5)
88. (6, 4)
89. (5, 6)
90. (4, 5)
91. (3, 4)
92. (1, 3)
93. (6, 2)
94. (5, 6)
95. (6, 1)
96. (4, 6)
97. (6, 5)
98. (5, 1)
99. (3, 6)
100. (6, 5)
101. (5, 4)
102. (2, 6)
103. (6, 5)
104. (5, 3)
105. (4, 6)
106. (6, 5)
107. (5, 2)
108. (3, 6)
109. (6, 5)
110. (5, 4)
111. (2, 6)
112. (6, 5)
113. (5, 3)
114. (4, 6)
115. (6, 5)
116. (3, 6)
117. (1, 4)
118. (6, 3)
119. (5, 6)
120. (6, 1)
121. (4, 6)
122. (6, 5)
123. (5, 2)
124. (3, 6)
125. (6, 5)
126. (5, 4)
127. (2, 6)
128. (6, 5)
129. (5, 3)
130. (4, 6)
131. (6, 5)
132. (5, 2)
133. (3, 6)
134. (6, 5)
135. (5, 4)
136. (2, 6)
137. (6, 5)
138. (4, 6)
139. (1, 4)
140. (6, 3)
141. (5, 6)
142. (6, 2)
143. (4, 6)
144. (6, 5)
145. (3, 6)
146. (6, 4)
147. (5, 6)
148. (6, 3)
149. (4, 6)
150. (6, 5)
151. (3, 6)
152. (6, 4)
153. (5, 6)
154. (2, 3)
155. (6, 5)
156. (5, 2)
157. (4, 6)
158. (6, 5)
159. (3, 6)
160. (6, 4)
161. (5, 6)
162. (6, 3)
163. (4, 6)
164. (6, 5)
165. (5, 1)
166. (3, 6)
167. (6, 5)
168. (5, 4)
169. (2, 6)
170. (6, 5)
171. (5, 3)
172. (4, 6)
173. (6, 5)
174. (5, 2)
175. (3, 6)
176. (6, 5)
177. (5, 4)
178. (2, 6)
179. (6, 5)
180. (5, 3)
181. (4, 6)
182. (6, 5)
183. (3, 6)
184. (1, 4)
185. (6, 3)
186. (5, 6)
187. (4, 5)
188. (6, 4)
189. (5, 6)
190. (4, 5)
191. (3, 4)
192. (5, 2)
193. (6, 5)
194. (4, 6)
195. (2, 4)
196. (6, 2)
197. (5, 6)
198. (4, 5)
199. (6, 4)
200. (5, 6)
201. (6, 3)
202. (4, 6)
203. (6, 5)
204. (3, 6)
205. (0, 5)
206. (6, 5)
207. (5, 4)
208. (4, 3)
209. (3, 1)
210. (2, 6)
211. (6, 5)
212. (5, 4)
213. (4, 3)
214. (1, 6)
215. (6, 5)
216. (5, 4)
217. (4, 2)
218. (3, 6)
219. (6, 5)
220. (5, 4)
221. (4, 1)
222. (2, 6)
223. (6, 5)
224. (5, 4)
225. (4, 3)
226. (1, 6)
227. (6, 5)
228. (5, 4)
229. (3, 6)
230. (6, 5)
231. (4, 6)
232. (5, 4)
233. (6, 5)
234. (4, 6)
235. (0, 6)
236. (5, 6)
237. (6, 4)
238. (4, 3)
239. (3, 2)
240. (2, 1)
241. (1, 0)
242. None