Algorithm: DFS
Difficulty: Init4             
Colors: 6
Branches: 9
Time Taken: 0.879957s
States Explored: 1158
Max Depth: 1157
Solution Steps:
1. (8, 3)
2. (8, 0)
3. (7, 8)
4. (8, 5)
5. (7, 8)
6. (6, 7)
7. (6, 4)
8. (8, 6)
9. (7, 8)
10. (6, 7)
11. (8, 6)
12. (7, 8)
13. (5, 7)
14. (4, 7)
15. (8, 7)
16. (7, 4)
17. (6, 8)
18. (8, 7)
19. (5, 8)
20. (8, 6)
21. (7, 8)
22. (8, 5)
23. (6, 8)
24. (8, 7)
25. (5, 8)
26. (8, 6)
27. (7, 8)
28. (8, 5)
29. (6, 8)
30. (8, 7)
31. (5, 8)
32. (8, 6)
33. (7, 8)
34. (4, 7)
35. (8, 5)
36. (7, 8)
37. (6, 7)
38. (8, 6)
39. (7, 8)
40. (8, 4)
41. (6, 8)
42. (8, 7)
43. (5, 8)
44. (8, 6)
45. (7, 8)
46. (8, 5)
47. (6, 8)
48. (8, 7)
49. (5, 8)
50. (8, 6)
51. (7, 8)
52. (4, 7)
53. (8, 4)
54. (7, 8)
55. (8, 5)
56. (6, 8)
57. (8, 7)
58. (5, 8)
59. (8, 6)
60. (7, 8)
61. (8, 5)
62. (6, 8)
63. (8, 7)
64. (5, 8)
65. (4, 6)
66. (8, 5)
67. (7, 8)
68. (6, 7)
69. (8, 6)
70. (7, 8)
71. (6, 7)
72. (3, 6)
73. (8, 4)
74. (7, 8)
75. (8, 3)
76. (6, 8)
77. (8, 7)
78. (5, 8)
79. (8, 6)
80. (7, 8)
81. (8, 5)
82. (6, 8)
83. (8, 7)
84. (5, 8)
85. (8, 6)
86. (7, 8)
87. (4, 7)
88. (8, 5)
89. (7, 8)
90. (6, 7)
91. (8, 6)
92. (7, 8)
93. (8, 4)
94. (6, 8)
95. (8, 7)
96. (5, 8)
97. (8, 6)
98. (7, 8)
99. (8, 5)
100. (6, 8)
101. (8, 7)
102. (5, 8)
103. (8, 6)
104. (7, 8)
105. (4, 7)
106. (8, 4)
107. (7, 8)
108. (8, 5)
109. (6, 8)
110. (8, 7)
111. (5, 8)
112. (8, 6)
113. (7, 8)
114. (8, 5)
115. (6, 8)
116. (8, 7)
117. (5, 8)
118. (4, 6)
119. (8, 5)
120. (7, 8)
121. (6, 7)
122. (8, 6)
123. (7, 8)
124. (6, 7)
125. (3, 6)
126. (8, 4)
127. (7, 8)
128. (6, 7)
129. (8, 6)
130. (7, 8)
131. (6, 7)
132. (5, 6)
133. (8, 5)
134. (7, 8)
135. (6, 7)
136. (8, 6)
137. (7, 8)
138. (8, 3)
139. (6, 8)
140. (8, 7)
141. (5, 8)
142. (8, 6)
143. (7, 8)
144. (8, 5)
145. (6, 8)
146. (8, 7)
147. (5, 8)
148. (8, 6)
149. (7, 8)
150. (4, 7)
151. (8, 5)
152. (7, 8)
153. (6, 7)
154. (8, 6)
155. (7, 8)
156. (8, 4)
157. (6, 8)
158. (8, 7)
159. (5, 8)
160. (8, 6)
161. (7, 8)
162. (8, 5)
163. (6, 8)
164. (8, 7)
165. (5, 8)
166. (8, 6)
167. (7, 8)
168. (4, 7)
169. (8, 4)
170. (7, 8)
171. (8, 5)
172. (6, 8)
173. (8, 7)
174. (5, 8)
175. (8, 6)
176. (7, 8)
177. (8, 5)
178. (6, 8)
179. (8, 7)
180. (5, 8)
181. (4, 6)
182. (8, 5)
183. (7, 8)
184. (6, 7)
185. (8, 6)
186. (7, 8)
187. (6, 7)
188. (3, 6)
189. (8, 4)
190. (7, 8)
191. (8, 3)
192. (6, 8)
193. (8, 7)
194. (5, 8)
195. (8, 6)
196. (7, 8)
197. (8, 5)
198. (6, 8)
199. (8, 7)
200. (5, 8)
201. (8, 6)
202. (7, 8)
203. (4, 7)
204. (8, 5)
205. (7, 8)
206. (6, 7)
207. (8, 6)
208. (7, 8)
209. (8, 4)
210. (6, 8)
211. (8, 7)
212. (5, 8)
213. (8, 6)
214. (7, 8)
215. (8, 5)
216. (6, 8)
217. (8, 7)
218. (5, 8)
219. (8, 6)
220. (7, 8)
221. (4, 7)
222. (8, 4)
223. (7, 8)
224. (8, 5)
225. (6, 8)
226. (8, 7)
227. (5, 8)
228. (8, 6)
229. (7, 8)
230. (8, 5)
231. (6, 8)
232. (8, 7)
233. (5, 8)
234. (4, 6)
235. (8, 5)
236. (7, 8)
237. (6, 7)
238. (8, 6)
239. (7, 8)
240. (6, 7)
241. (3, 6)
242. (8, 4)
243. (7, 8)
244. (6, 7)
245. (8, 6)
246. (7, 8)
247. (6, 7)
248. (5, 6)
249. (8, 5)
250. (7, 8)
251. (6, 7)
252. (8, 6)
253. (7, 8)
254. (8, 3)
255. (6, 8)
256. (8, 7)
257. (5, 8)
258. (8, 6)
259. (7, 8)
260. (8, 5)
261. (6, 8)
262. (8, 7)
263. (5, 8)
264. (8, 6)
265. (7, 8)
266. (4, 7)
267. (8, 5)
268. (7, 8)
269. (6, 7)
270. (8, 6)
271. (7, 8)
272. (8, 4)
273. (6, 8)
274. (8, 7)
275. (5, 8)
276. (8, 6)
277. (7, 8)
278. (8, 5)
279. (6, 8)
280. (8, 7)
281. (5, 8)
282. (8, 6)
283. (7, 8)
284. (4, 7)
285. (8, 4)
286. (7, 8)
287. (8, 5)
288. (6, 8)
289. (8, 7)
290. (5, 8)
291. (8, 6)
292. (7, 8)
293. (8, 5)
294. (6, 8)
295. (8, 7)
296. (5, 8)
297. (4, 6)
298. (8, 5)
299. (7, 8)
300. (6, 7)
301. (8, 6)
302. (7, 8)
303. (6, 7)
304. (3, 6)
305. (8, 4)
306. (7, 8)
307. (6, 7)
308. (8, 6)
309. (7, 8)
310. (6, 7)
311. (5, 6)
312. (8, 5)
313. (7, 8)
314. (6, 7)
315. (8, 6)
316. (7, 8)
317. (8, 3)
318. (6, 8)
319. (8, 7)
320. (5, 8)
321. (8, 6)
322. (7, 8)
323. (8, 5)
324. (6, 8)
325. (8, 7)
326. (5, 8)
327. (8, 6)
328. (7, 8)
329. (4, 7)
330. (8, 5)
331. (7, 8)
332. (6, 7)
333. (8, 6)
334. (7, 8)
335. (8, 4)
336. (6, 8)
337. (8, 7)
338. (5, 8)
339. (8, 6)
340. (7, 8)
341. (8, 5)
342. (6, 8)
343. (8, 7)
344. (5, 8)
345. (8, 6)
346. (7, 8)
347. (4, 7)
348. (8, 4)
349. (7, 8)
350. (8, 5)
351. (6, 8)
352. (8, 7)
353. (5, 8)
354. (8, 6)
355. (7, 8)
356. (8, 5)
357. (6, 8)
358. (8, 7)
359. (5, 8)
360. (4, 6)
361. (8, 5)
362. (7, 8)
363. (6, 7)
364. (8, 6)
365. (7, 8)
366. (6, 7)
367. (3, 6)
368. (8, 4)
369. (7, 8)
370. (6, 7)
371. (8, 6)
372. (7, 8)
373. (6, 7)
374. (5, 6)
375. (8, 5)
376. (7, 8)
377. (6, 7)
378. (5, 6)
379. (8, 5)
380. (7, 8)
381. (6, 7)
382. (8, 6)
383. (7, 8)
384. (6, 7)
385. (5, 6)
386. (4, 5)
387. (6, 4)
388. (8, 6)
389. (7, 8)
390. (6, 7)
391. (8, 6)
392. (7, 8)
393. (5, 7)
394. (8, 5)
395. (7, 8)
396. (6, 7)
397. (8, 6)
398. (7, 8)
399. (6, 7)
400. (5, 6)
401. (8, 5)
402. (7, 8)
403. (6, 7)
404. (8, 6)
405. (7, 8)
406. (6, 7)
407. (4, 6)
408. (6, 3)
409. (8, 6)
410. (7, 8)
411. (6, 7)
412. (8, 6)
413. (7, 8)
414. (3, 7)
415. (5, 4)
416. (7, 5)
417. (8, 7)
418. (6, 8)
419. (7, 6)
420. (8, 7)
421. (6, 8)
422. (5, 6)
423. (2, 5)
424. (8, 3)
425. (7, 8)
426. (6, 7)
427. (8, 6)
428. (7, 8)
429. (6, 7)
430. (5, 6)
431. (8, 5)
432. (7, 8)
433. (6, 7)
434. (8, 6)
435. (7, 8)
436. (8, 4)
437. (6, 8)
438. (8, 7)
439. (5, 8)
440. (8, 6)
441. (7, 8)
442. (8, 5)
443. (6, 8)
444. (8, 7)
445. (5, 8)
446. (8, 6)
447. (7, 8)
448. (4, 7)
449. (8, 5)
450. (7, 8)
451. (6, 7)
452. (8, 6)
453. (7, 8)
454. (8, 4)
455. (6, 8)
456. (8, 7)
457. (5, 8)
458. (8, 6)
459. (7, 8)
460. (8, 5)
461. (6, 8)
462. (8, 7)
463. (5, 8)
464. (8, 6)
465. (7, 8)
466. (4, 7)
467. (8, 4)
468. (7, 8)
469. (8, 5)
470. (6, 8)
471. (8, 7)
472. (5, 8)
473. (8, 6)
474. (7, 8)
475. (8, 5)
476. (6, 8)
477. (8, 7)
478. (5, 8)
479. (4, 6)
480. (8, 5)
481. (7, 8)
482. (6, 7)
483. (8, 6)
484. (7, 8)
485. (6, 7)
486. (3, 6)
487. (8, 4)
488. (7, 8)
489. (8, 3)
490. (6, 8)
491. (8, 7)
492. (5, 8)
493. (8, 6)
494. (7, 8)
495. (8, 5)
496. (6, 8)
497. (8, 7)
498. (5, 8)
499. (8, 6)
500. (7, 8)
501. (4, 7)
502. (8, 5)
503. (7, 8)
504. (6, 7)
505. (8, 6)
506. (7, 8)
507. (8, 4)
508. (6, 8)
509. (8, 7)
510. (5, 8)
511. (8, 6)
512. (7, 8)
513. (8, 5)
514. (6, 8)
515. (8, 7)
516. (5, 8)
517. (8, 6)
518. (7, 8)
519. (4, 7)
520. (8, 4)
521. (7, 8)
522. (8, 5)
523. (6, 8)
524. (8, 7)
525. (5, 8)
526. (8, 6)
527. (7, 8)
528. (8, 5)
529. (6, 8)
530. (8, 7)
531. (5, 8)
532. (4, 6)
533. (8, 5)
534. (7, 8)
535. (6, 7)
536. (8, 6)
537. (7, 8)
538. (6, 7)
539. (3, 6)
540. (8, 4)
541. (7, 8)
542. (6, 7)
543. (8, 6)
544. (7, 8)
545. (6, 7)
546. (5, 6)
547. (8, 5)
548. (7, 8)
549. (6, 7)
550. (8, 6)
551. (7, 8)
552. (8, 3)
553. (6, 8)
554. (8, 7)
555. (5, 8)
556. (8, 6)
557. (7, 8)
558. (8, 5)
559. (6, 8)
560. (8, 7)
561. (5, 8)
562. (8, 6)
563. (7, 8)
564. (4, 7)
565. (8, 5)
566. (7, 8)
567. (6, 7)
568. (8, 6)
569. (7, 8)
570. (8, 4)
571. (6, 8)
572. (8, 7)
573. (5, 8)
574. (8, 6)
575. (7, 8)
576. (8, 5)
577. (6, 8)
578. (8, 7)
579. (5, 8)
580. (8, 6)
581. (7, 8)
582. (4, 7)
583. (8, 4)
584. (7, 8)
585. (8, 5)
586. (6, 8)
587. (8, 7)
588. (5, 8)
589. (8, 6)
590. (7, 8)
591. (8, 5)
592. (6, 8)
593. (8, 7)
594. (5, 8)
595. (4, 6)
596. (8, 5)
597. (7, 8)
598. (6, 7)
599. (8, 6)
600. (7, 8)
601. (6, 7)
602. (3, 6)
603. (8, 4)
604. (7, 8)
605. (6, 7)
606. (8, 6)
607. (7, 8)
608. (6, 7)
609. (5, 6)
610. (8, 5)
611. (7, 8)
612. (6, 7)
613. (8, 6)
614. (7, 8)
615. (8, 3)
616. (6, 8)
617. (8, 7)
618. (5, 8)
619. (8, 6)
620. (7, 8)
621. (8, 5)
622. (6, 8)
623. (8, 7)
624. (5, 8)
625. (8, 6)
626. (7, 8)
627. (4, 7)
628. (8, 5)
629. (7, 8)
630. (6, 7)
631. (8, 6)
632. (7, 8)
633. (8, 4)
634. (6, 8)
635. (8, 7)
636. (5, 8)
637. (8, 6)
638. (7, 8)
639. (8, 5)
640. (6, 8)
641. (8, 7)
642. (5, 8)
643. (8, 6)
644. (7, 8)
645. (4, 7)
646. (8, 4)
647. (7, 8)
648. (8, 5)
649. (6, 8)
650. (8, 7)
651. (5, 8)
652. (8, 6)
653. (7, 8)
654. (8, 5)
655. (6, 8)
656. (8, 7)
657. (5, 8)
658. (4, 6)
659. (8, 5)
660. (7, 8)
661. (6, 7)
662. (8, 6)
663. (7, 8)
664. (6, 7)
665. (3, 6)
666. (8, 4)
667. (7, 8)
668. (6, 7)
669. (8, 6)
670. (7, 8)
671. (6, 7)
672. (5, 6)
673. (8, 5)
674. (7, 8)
675. (6, 7)
676. (5, 6)
677. (8, 5)
678. (7, 8)
679. (6, 7)
680. (8, 6)
681. (7, 8)
682. (6, 7)
683. (5, 6)
684. (4, 5)
685. (6, 4)
686. (8, 6)
687. (7, 8)
688. (6, 7)
689. (8, 6)
690. (7, 8)
691. (5, 7)
692. (8, 5)
693. (7, 8)
694. (6, 7)
695. (8, 6)
696. (7, 8)
697. (6, 7)
698. (5, 6)
699. (8, 5)
700. (7, 8)
701. (6, 7)
702. (8, 6)
703. (7, 8)
704. (6, 7)
705. (4, 6)
706. (6, 3)
707. (8, 6)
708. (7, 8)
709. (6, 7)
710. (8, 6)
711. (7, 8)
712. (3, 7)
713. (5, 4)
714. (7, 5)
715. (8, 7)
716. (6, 8)
717. (7, 6)
718. (8, 7)
719. (6, 8)
720. (5, 6)
721. (2, 6)
722. (8, 6)
723. (7, 8)
724. (8, 5)
725. (6, 8)
726. (8, 7)
727. (7, 3)
728. (5, 8)
729. (8, 7)
730. (7, 6)
731. (4, 8)
732. (8, 7)
733. (7, 5)
734. (6, 8)
735. (8, 7)
736. (7, 4)
737. (5, 8)
738. (8, 7)
739. (7, 6)
740. (4, 8)
741. (8, 7)
742. (7, 5)
743. (6, 8)
744. (8, 7)
745. (5, 8)
746. (3, 6)
747. (8, 5)
748. (7, 8)
749. (8, 3)
750. (6, 8)
751. (8, 7)
752. (7, 4)
753. (5, 8)
754. (8, 7)
755. (7, 6)
756. (4, 8)
757. (8, 7)
758. (7, 5)
759. (6, 8)
760. (8, 7)
761. (7, 4)
762. (5, 8)
763. (8, 7)
764. (7, 6)
765. (6, 2)
766. (4, 8)
767. (8, 7)
768. (7, 6)
769. (6, 5)
770. (5, 2)
771. (3, 8)
772. (8, 7)
773. (7, 6)
774. (6, 5)
775. (5, 4)
776. (2, 8)
777. (8, 7)
778. (7, 6)
779. (6, 5)
780. (5, 3)
781. (4, 8)
782. (8, 7)
783. (7, 6)
784. (6, 5)
785. (5, 2)
786. (3, 8)
787. (8, 7)
788. (7, 6)
789. (6, 5)
790. (5, 4)
791. (2, 8)
792. (8, 7)
793. (7, 6)
794. (6, 5)
795. (4, 8)
796. (8, 7)
797. (7, 6)
798. (5, 8)
799. (8, 7)
800. (6, 8)
801. (8, 5)
802. (7, 8)
803. (8, 6)
804. (5, 8)
805. (8, 7)
806. (6, 8)
807. (1, 6)
808. (8, 5)
809. (7, 8)
810. (8, 4)
811. (6, 8)
812. (8, 7)
813. (7, 3)
814. (5, 8)
815. (8, 7)
816. (7, 6)
817. (6, 2)
818. (4, 8)
819. (8, 7)
820. (7, 6)
821. (6, 5)
822. (5, 1)
823. (3, 8)
824. (8, 7)
825. (7, 6)
826. (6, 5)
827. (5, 4)
828. (2, 8)
829. (8, 7)
830. (7, 6)
831. (6, 5)
832. (5, 3)
833. (4, 8)
834. (8, 7)
835. (7, 6)
836. (6, 5)
837. (5, 2)
838. (3, 8)
839. (8, 7)
840. (7, 6)
841. (6, 5)
842. (5, 4)
843. (2, 8)
844. (8, 7)
845. (7, 6)
846. (6, 5)
847. (5, 3)
848. (4, 8)
849. (8, 7)
850. (7, 6)
851. (6, 5)
852. (3, 8)
853. (8, 7)
854. (7, 6)
855. (5, 8)
856. (8, 7)
857. (6, 8)
858. (8, 5)
859. (7, 8)
860. (8, 6)
861. (5, 8)
862. (8, 7)
863. (6, 8)
864. (1, 6)
865. (8, 5)
866. (7, 8)
867. (8, 4)
868. (6, 8)
869. (8, 7)
870. (7, 3)
871. (5, 8)
872. (8, 7)
873. (7, 6)
874. (6, 2)
875. (4, 8)
876. (8, 7)
877. (7, 6)
878. (6, 5)
879. (3, 8)
880. (8, 7)
881. (7, 6)
882. (6, 4)
883. (5, 8)
884. (8, 7)
885. (7, 6)
886. (4, 8)
887. (8, 7)
888. (7, 5)
889. (6, 8)
890. (8, 7)
891. (7, 4)
892. (5, 8)
893. (8, 7)
894. (7, 6)
895. (4, 8)
896. (8, 7)
897. (6, 8)
898. (2, 6)
899. (8, 5)
900. (7, 8)
901. (8, 4)
902. (6, 8)
903. (8, 7)
904. (7, 3)
905. (5, 8)
906. (8, 7)
907. (7, 6)
908. (6, 2)
909. (4, 8)
910. (8, 7)
911. (7, 6)
912. (6, 5)
913. (3, 8)
914. (8, 7)
915. (7, 6)
916. (6, 4)
917. (5, 8)
918. (8, 7)
919. (7, 6)
920. (6, 3)
921. (4, 8)
922. (8, 7)
923. (7, 6)
924. (6, 5)
925. (5, 1)
926. (3, 8)
927. (8, 7)
928. (7, 6)
929. (6, 5)
930. (5, 4)
931. (2, 8)
932. (8, 7)
933. (7, 6)
934. (6, 5)
935. (5, 3)
936. (4, 8)
937. (8, 7)
938. (7, 6)
939. (6, 5)
940. (5, 2)
941. (3, 8)
942. (8, 7)
943. (7, 6)
944. (6, 5)
945. (5, 4)
946. (2, 8)
947. (8, 7)
948. (7, 6)
949. (6, 5)
950. (5, 3)
951. (4, 8)
952. (8, 7)
953. (7, 6)
954. (6, 5)
955. (3, 8)
956. (8, 7)
957. (7, 6)
958. (5, 8)
959. (8, 7)
960. (6, 8)
961. (8, 5)
962. (7, 8)
963. (8, 6)
964. (5, 8)
965. (8, 7)
966. (6, 8)
967. (1, 5)
968. (8, 3)
969. (7, 8)
970. (8, 6)
971. (6, 2)
972. (5, 8)
973. (8, 7)
974. (7, 6)
975. (6, 4)
976. (3, 8)
977. (8, 7)
978. (7, 6)
979. (6, 5)
980. (4, 8)
981. (8, 7)
982. (7, 6)
983. (6, 3)
984. (5, 8)
985. (8, 7)
986. (7, 6)
987. (6, 4)
988. (3, 8)
989. (8, 7)
990. (7, 6)
991. (6, 5)
992. (4, 8)
993. (8, 7)
994. (7, 6)
995. (5, 8)
996. (8, 7)
997. (6, 8)
998. (7, 6)
999. (8, 7)
1000. (6, 8)
1001. (2, 5)
1002. (8, 6)
1003. (7, 8)
1004. (8, 4)
1005. (6, 8)
1006. (8, 7)
1007. (7, 3)
1008. (5, 8)
1009. (8, 7)
1010. (7, 6)
1011. (4, 8)
1012. (8, 7)
1013. (7, 5)
1014. (6, 8)
1015. (8, 7)
1016. (5, 8)
1017. (8, 6)
1018. (7, 8)
1019. (8, 5)
1020. (6, 8)
1021. (8, 7)
1022. (5, 8)
1023. (3, 6)
1024. (8, 4)
1025. (7, 8)
1026. (8, 2)
1027. (6, 8)
1028. (8, 7)
1029. (7, 5)
1030. (4, 8)
1031. (8, 7)
1032. (7, 6)
1033. (5, 8)
1034. (8, 7)
1035. (6, 8)
1036. (7, 6)
1037. (8, 7)
1038. (6, 8)
1039. (2, 5)
1040. (8, 4)
1041. (7, 8)
1042. (8, 6)
1043. (6, 3)
1044. (5, 8)
1045. (8, 7)
1046. (7, 6)
1047. (4, 8)
1048. (8, 7)
1049. (7, 5)
1050. (6, 8)
1051. (8, 7)
1052. (5, 8)
1053. (8, 6)
1054. (7, 8)
1055. (8, 5)
1056. (6, 8)
1057. (8, 7)
1058. (5, 8)
1059. (3, 6)
1060. (8, 5)
1061. (7, 8)
1062. (5, 4)
1063. (8, 7)
1064. (6, 8)
1065. (7, 6)
1066. (8, 7)
1067. (6, 8)
1068. (4, 3)
1069. (8, 6)
1070. (7, 8)
1071. (8, 5)
1072. (6, 8)
1073. (8, 7)
1074. (7, 4)
1075. (5, 8)
1076. (8, 7)
1077. (7, 6)
1078. (4, 8)
1079. (8, 7)
1080. (6, 8)
1081. (3, 6)
1082. (8, 5)
1083. (7, 8)
1084. (8, 4)
1085. (6, 8)
1086. (8, 7)
1087. (5, 8)
1088. (8, 6)
1089. (7, 8)
1090. (6, 7)
1091. (8, 6)
1092. (7, 8)
1093. (0, 7)
1094. (8, 5)
1095. (7, 8)
1096. (8, 4)
1097. (6, 8)
1098. (8, 7)
1099. (7, 4)
1100. (5, 8)
1101. (8, 7)
1102. (7, 6)
1103. (6, 3)
1104. (4, 8)
1105. (8, 7)
1106. (7, 6)
1107. (6, 5)
1108. (5, 2)
1109. (3, 8)
1110. (8, 7)
1111. (7, 6)
1112. (6, 5)
1113. (5, 4)
1114. (4, 1)
1115. (2, 8)
1116. (8, 7)
1117. (7, 6)
1118. (6, 5)
1119. (5, 4)
1120. (4, 3)
1121. (1, 8)
1122. (8, 7)
1123. (7, 6)
1124. (6, 5)
1125. (5, 4)
1126. (4, 2)
1127. (3, 8)
1128. (8, 7)
1129. (7, 6)
1130. (6, 5)
1131. (5, 4)
1132. (4, 1)
1133. (2, 8)
1134. (8, 7)
1135. (7, 6)
1136. (6, 5)
1137. (5, 4)
1138. (4, 3)
1139. (0, 8)
1140. (8, 7)
1141. (7, 6)
1142. (6, 5)
1143. (5, 4)
1144. (4, 2)
1145. (3, 8)
1146. (8, 7)
1147. (7, 6)
1148. (6, 5)
1149. (5, 4)
1150. (4, 0)
1151. (2, 8)
1152. (8, 7)
1153. (7, 6)
1154. (6, 5)
1155. (5, 4)
1156. (4, 3)
1157. (3, 1)
1158. None