Algorithm: DFS
Difficulty: Init1             
Colors: 4
Branches: 6
Time Taken: 0.015486s
States Explored: 133
Max Depth: 132
Solution Steps:
1. (3, 2)
2. (5, 3)
3. (2, 5)
4. (4, 2)
5. (5, 4)
6. (3, 5)
7. (4, 3)
8. (5, 4)
9. (4, 3)
10. (2, 5)
11. (5, 4)
12. (3, 5)
13. (4, 3)
14. (5, 4)
15. (3, 5)
16. (2, 3)
17. (5, 2)
18. (4, 5)
19. (3, 4)
20. (5, 3)
21. (4, 5)
22. (5, 1)
23. (3, 5)
24. (5, 4)
25. (2, 5)
26. (5, 3)
27. (4, 5)
28. (5, 2)
29. (3, 5)
30. (5, 4)
31. (2, 5)
32. (5, 3)
33. (4, 5)
34. (1, 4)
35. (5, 2)
36. (4, 5)
37. (3, 4)
38. (5, 3)
39. (4, 5)
40. (5, 1)
41. (3, 5)
42. (5, 4)
43. (2, 5)
44. (5, 3)
45. (4, 5)
46. (5, 2)
47. (3, 5)
48. (5, 4)
49. (2, 5)
50. (5, 3)
51. (4, 5)
52. (1, 4)
53. (5, 2)
54. (4, 5)
55. (3, 4)
56. (5, 3)
57. (4, 5)
58. (5, 1)
59. (3, 5)
60. (5, 4)
61. (2, 5)
62. (5, 3)
63. (4, 5)
64. (5, 2)
65. (3, 5)
66. (5, 4)
67. (2, 5)
68. (5, 3)
69. (4, 5)
70. (1, 4)
71. (5, 2)
72. (4, 5)
73. (3, 4)
74. (5, 3)
75. (4, 5)
76. (5, 1)
77. (3, 5)
78. (5, 4)
79. (2, 5)
80. (5, 3)
81. (4, 5)
82. (5, 2)
83. (3, 5)
84. (5, 4)
85. (2, 5)
86. (5, 3)
87. (4, 5)
88. (1, 4)
89. (5, 1)
90. (4, 5)
91. (5, 2)
92. (3, 5)
93. (5, 4)
94. (2, 5)
95. (5, 3)
96. (4, 5)
97. (5, 2)
98. (3, 5)
99. (5, 4)
100. (2, 5)
101. (1, 3)
102. (5, 2)
103. (4, 5)
104. (3, 4)
105. (5, 3)
106. (4, 5)
107. (3, 4)
108. (0, 5)
109. (4, 5)
110. (5, 3)
111. (3, 1)
112. (2, 5)
113. (5, 4)
114. (4, 3)
115. (1, 5)
116. (5, 4)
117. (4, 2)
118. (3, 5)
119. (5, 4)
120. (4, 1)
121. (2, 5)
122. (5, 4)
123. (4, 3)
124. (1, 5)
125. (5, 4)
126. (3, 5)
127. (0, 4)
128. (5, 4)
129. (4, 3)
130. (3, 2)
131. (2, 1)
132. (1, 0)
133. None